-0.377071858478
-0.464039229005
0.367065238616
0.296293510322
0.381480334297
-0.252823562916
0.13120732385
-0.241304738704
-0.259905540456
0.368160592281
0.348901255674
0.2166124197
0.196551766371
0.177555146191
0.347283144217
0.0823139293381
-0.439188591843
-0.015971856151
-0.0705589423774
0.209026205624
0.184747773619
0.141412862778
-0.076821393414
0.236257697205
-0.325803324537
0.00650973473854
0.164310118636
0.272109428988
0.32739937801
0.23940995509
0.127216808236
-0.122721268564
-0.593582650986
0.28538657879
0.107576288014
0.233108880486
0.381331680982
-0.0313418054381
0.113662461531
0.0268649168359
-0.508347477778
0.212749505315
0.303423058757
0.161410242868
0.13842268828
0.106358289365
0.0361461500841
-0.0295106203313
-0.299437118409
-0.180968875337
0.228693364562
0.174946073483
0.040736342975
0.0706992851018
0.203774234319
0.0938014347686
0.370802505193
-0.299560885607
-0.0420150543235
-0.0547841864339
0.211812852526
0.46917561517
0.469296028164
0.274324973551
0.816438200844
-0.199681141197
-0.202617457519
0.405506069735
0.555646837847
0.562162527348
0.778013663481
-0.0283915416388
0.798205523892
0.069358953691
0.0592392955615
-0.0140166421213
0.422321278682
0.701120444056
0.483930186593
0.38409915015
0.26351312905
0.135937492949
-0.163964012569
-0.25212809698
0.221803694579
0.216045949989
0.301721442621
0.791642647398
0.0859271022577
-0.0270543355317
-0.195501531873
-0.309909423607
-0.0123624266544
-0.0845282671872
0.143788040746
0.676320961734
-0.0375693139034
-0.24563326598
-0.092101631909
-0.498898830602
-0.117938596644
-0.318413524491
0.266334157839
0.584347103993
0.467148275784
-0.124003308061
0.0731470808286
-0.554546444479
-0.265175929805
-0.473827629921
0.149541257983
0.471504508552
0.227060116296
-0.331036215141
-0.0126098422412
-0.280078713614
-0.792273241673
-0.136564751526
-0.66833039587
-0.0391611422487
-0.226513519045
0.208058325383
-0.390290829166
-0.624531527616
-0.717946776926
-0.487283691377
0.00491633058547
0.320506930806
0.282709360162
0.142598704623
-0.364500645009
-0.559699254944
-0.627611738843
-1.04719160743
-0.78086392772
-0.661974643983
-0.140227203698
-0.136300792803
-0.544434234576
-0.110418242908
-0.485871588928
-0.463511393105
-0.449895936087
-0.421524346366
-0.0527155103579
-0.215664853487
-0.293764319118
-0.339620373864
-0.178511752514
-0.174504722135
-0.749384125536
-0.176478172182
0.0611876506676
-0.197984164653
-0.378896556427
-0.334813752143
-0.464687849335
-0.104417416013
-0.144837649383
-0.290807232164
-0.0595898025212
-0.169636778215
-0.254031585923
-0.111615482414
-0.146036359599
-0.804810420369
-0.507238335382
-0.292682600399
0.168877013397
-0.293922148868
-0.370823408581
-0.312068797227
-0.502297322802
0.101585112184
-0.446853097049
-0.792141147384
-0.304372045979
-0.0418669437766
0.0482105773432
-0.102600559021
0.0017595215888
-0.113527824392
-0.247145784586
-1.23881287182
-0.173395430545
-0.0925684484641
0.115573428743
0.0675430416725
-0.190701482131
-0.0329743876692
-0.230774649855
-0.337493115374
-0.304004788754
-0.124006134525
-0.0203261977977
0.321985462857
-0.0444495714735
0.0160152744688
0.0670892431797
0.667583581793
-0.340420499686
0.163390013227
0.132885036612
0.146044252169
0.232270926978
0.00139308013999
0.122679711819
1.01178998907
-0.112914287607
0.353720163215
0.347088218261
0.134421629268
-0.25580150084
0.0293185336323
0.52749334746
0.939154077269
-0.192354653541
0.379202204986
0.382533112891
0.403689811994
0.194415359607
0.487055512066
0.759986634979
0.828595597789
0.123378023722
0.343789804446
0.398259035595
0.706400441849
0.203339466051
0.419142300757
0.450343337367
0.551374767711
0.330311057108
0.496219272913
0.764548570008
0.292738722644
0.477745178021
0.409842979497
0.534471180243
0.420408972209
0.591154469898
0.417784129833
0.64940400472
0.443278012313
0.69758674908
0.318793441546
0.344188139307
0.0894165243021
0.532837993331
0.846978442386
0.707732357633
0.859853612422
0.710776673944
0.354141478009
0.185704525959
-0.428597895282
-0.44714366211
-0.188862374855
-0.496095102729
0.104399392661
0.403517094209
0.0791014661367
0.494772102913
-0.344073027706
-0.584555104846
-0.0778065441863
0.111717996092
-0.0367873045218
-0.028505339467
0.303895681008
0.0680287959981
-0.183068941102
-0.583448523886
-0.638236936701
0.0503319936541
0.308098055241
0.0850719897717
0.349460895221
-0.0215589788059
-0.00853238465287
-0.615443269955
-0.211609110318
0.178230080063
0.0618912792601
0.353867728151
-0.0715148947916
-0.0469343154682
-0.167380960632
-0.479916545572
-0.384485904652
0.102553900231
0.437164261194
0.108689852243
0.127972694707
-0.238507526901
0.246890917396
-0.598050497073
-0.100794984903
-0.0700776720442
0.304558483773
0.0170152638653
-0.0397124369823
-0.243202202183
0.215117785126
-0.00891700186693
-0.373720586349
-0.067108773606
-0.228311123164
-0.549590958197
-0.357832411393
-0.441453977226
-0.614739807302
1.06636211204
-0.136894926338
-0.841424470891
-1.37560104968
-0.280239135063
-0.588405217669
-0.0046198752951
-1.40459546571
1.62457832974
0.124825273897
-1.62399878302
-1.35884589299
-1.51288259934
-1.03120922252
-0.627948739093
-0.301642388628
2.20399367233
0.944518321763
0.0116921089368
-0.803853790224
-0.791327872837
-0.507171672752
0.0156533696826
-0.256561493576
0.746695356952
0.124032554102
0.113102369937
0.15935304636
0.161552112354
-0.165394619852
-0.0303935172038
0.183166511987
0.0141021059964
-0.251585959108
0.282290260194
0.238410691997
0.221088872524
-0.0394043231271
-0.216460486221
-0.281583597818
-0.350832559516
0.040360553472
0.386036847733
0.255485230194
0.109272876354
0.429239835723
-0.215118859281
-0.195694604736
-0.372763092198
0.0856062983464
0.0105965080702
0.516299174427
0.270404471291
0.242448781859
-0.0496214496196
0.0451380251722
-0.219331038698
0.191072171107
0.147212735052
0.424630270138
0.439782296345
0.269306658373
0.242386958472
-0.364357431714
-0.304581098377
-0.233733581752
0.166241898351
0.373725427132
0.620960472193
0.888623432084
0.770043155568
-0.298187307253
-0.45285400091
-0.222633163059
-0.68285897547
-0.630980835924
-0.413028735105
-0.328268801374
-0.512169099758
-0.316206218522
-0.26399639019
-0.332651465776
-0.166980961931
-0.229796517264
-0.521501340889
-0.0637898113244
-0.591508158696
-0.176954572306
0.194520845475
-0.173983304316
0.183412137747
-0.0313653323051
-0.0450433636078
-0.438598084071
-0.362561949499
-0.503038965776
-0.637070581172
-0.326171302886
-0.474883472646
-0.111513039904
-0.19311239802
-0.228961290614
-0.290751097588
-0.456595390683
-0.394671701597
-0.520454376909
-0.50345518911
-0.4024956682
-0.206602194704
-0.0526770127961
-0.291063847449
-0.35530345997
-0.858723488725
-0.187184310329
-0.186969254004
-0.139414767994
-0.265861309863
0.169958228484
0.169831999233
0.0909168248207
-0.913170581519
-0.411199008301
-0.332954572665
-0.0185156240717
0.167694330625
-0.0216363770935
0.517339817444
0.244461928694
-0.917208488094
-0.29741255476
-0.469604145538
-0.0669108473785
0.189985460521
0.290807861717
-0.0205272255199
0.345635623336
-0.302421619683
-0.0752858576365
0.230891377901
0.0616731017973
0.139385560127
0.419101703685
-0.139861003344
0.506175260267
-0.0381077117737
0.0875431479372
0.150191152211
0.0359523541396
0.297517131094
0.183834875981
0.39580434343
0.285732452564
0.334928168666
0.0701297259948
-0.0689963049684
0.061980041913
0.636648134869
0.296415321116
0.480285780947
0.175053580938
0.513168551894
0.445199418514
0.305042283826
0.215117364079
0.4453767734
0.72604262923
0.474507329715
0.0524989934069
0.494871043339
0.571459409566
0.269896492511
0.369566787015
0.285484535718
0.296384870134
0.453458165933
0.617935282438
0.528162212821
0.484935325905
0.523133938196
0.184571844101
0.339827213355
0.692304156426
0.388725925703
0.491229377891
0.26512953891
0.490104615629
0.449587974437
0.405478780438
0.411950094464
0.268555494978
0.504782346924
0.519244499709
0.386194756369
0.449255430288
0.833133412127
0.846558698199
0.504112206087
-0.0900839798161
0.292973085768
0.706830127244
-0.555218190824
-0.292360441936
-0.0682766379466
0.211552472198
-0.171880412396
0.0505656431385
0.572743144211
0.223654381909
-0.373635068689
-0.0793565672646
-0.178004159569
0.408948911361
0.231287591517
-0.0197363403401
-0.0533540322014
0.0106273480511
-0.250439905888
0.154391676005
-0.0455285942129
0.10443132382
0.252402624563
0.0310436525322
0.33002095671
0.0699893552045
-0.307927523245
0.144351465353
0.350023015084
0.181742382251
0.182992656956
0.301840779401
-0.0697808162775
0.21103167526
-0.318487363294
0.377636632676
0.0762471736542
0.393358303791
0.318698007268
0.191534014316
0.141253095417
0.552208054412
0.338589092442
0.35370645656
0.394436271553
0.117427851144
0.11778126003
0.141450795124
0.208441645756
0.301282495488
0.476898324618
0.603734100226
0.320550320689
0.330196756068
0.185594423033
0.119496546412
0.00441462046182
0.514344638329
1.00213923732
0.595422514467
0.35437338401
-0.0646537298838
0.193547916222
0.256288193902
0.29398615904
-0.418297832927
1.17339742679
0.777380171864
0.365201998582
0.0194346299109
0.00394766056583
-0.174119623644
-0.485125635433
-0.791584781936
0.81009780194
0.460594220636
0.284034639012
-0.269924284927
-0.46936392139
-0.650858786137
-0.560219811554
-0.367064565035
0.402186449177
0.204389670891
0.188596815108
-0.0454156739616
0.0407878942133
-0.223571244405
-0.162738123665
-0.0665639701847
-0.407438486029
-0.197086772921
0.074652990077
0.296097573855
0.0226089964926
-0.00795159993456
-0.163006026624
-0.246893077112
-0.353045807864
-0.00923444322953
-0.038211548779
0.148799958607
0.21154649864
0.106480148728
-0.15493570421
-0.034311154396
-0.537313739644
-0.0577300165318
-0.0921798725975
0.151423362628
0.511464886629
0.0972816210512
0.0743226581882
-0.0268012873021
-0.220280311514
0.174722115553
0.220495876954
0.240524313859
-0.165402704536
0.389570380488
0.115357719167
-0.182025083967
-0.388841227388
-0.4263672904
-0.165163506617
0.294530799908
0.41554677088
0.267900708945
0.278220656826
0.803627580462
-0.381068254562
0.20497658891
0.40181690941
0.524928155194
1.18204142681
1.10447023531
0.917266123158
0.709879920395
0.153750442625
0.042856927782
0.488462924734
0.158401461384
0.564577635677
0.754717875297
0.866333429252
1.08362481787
0.198188109413
-0.0254137923046
0.21169595803
0.41942270955
0.410464680395
0.436520201109
0.882003833949
0.439068404629
0.0743925909785
0.0393880693463
0.0431787916584
0.523067960913
0.295124042398
0.379403037582
0.63011293926
0.578693560791
-0.397059189334
-0.142228685945
0.104791761431
0.260329207673
0.0810527643152
-0.174409609709
0.143357945045
0.197078273022
0.181532130203
0.27229110648
0.0130077283707
-0.30147856562
-0.336241127204
-1.09182785239
-0.530358055063
0.180515207719
0.021620538826
0.0950560692513
0.111510957322
-0.100295946471
-0.295271809742
-0.569498310015
-0.638120938541
-0.286352506592
-0.0553370526762
0.381073615923
0.361870326932
0.596124923141
0.151464749287
0.125469991726
-0.447507759829
-0.463348665346
0.671201129714
0.562270155494
0.411962101618
0.192005784963
0.279750861722
0.0884551048765
-0.0967879060752
-0.572274542779
0.169390184992
0.503636505429
0.0731115912375
0.408350575218
0.280517992216
0.075998029052
-0.61300382127
-0.997799476823
-0.336406796432
0.293415565458
0.41142829897
0.0532123062614
0.263040187959
0.162034560736
-0.378350061762
-0.90465662171
-0.109346030099
-0.0892041242074
0.111967335916
0.270586425068
-0.130293238992
-0.133646319719
-0.385315903712
-0.556814163269
-0.935897840399
-0.227728155713
-0.54533942127
-0.0916271286318
0.21076441547
-0.288264899136
-0.734875576653
-0.528807042695
-0.281599357071
-0.897659476573
-0.462473878443
0.0830480291729
-0.0283180366204
-0.53615659251
-0.481532378284
-0.587495322082
-0.56060676478
-0.280851514769
-0.681907047597
-0.258292743934
-0.362395295009
-0.0828094237101
-0.180232195426
-0.653210256731
-1.07619331257
-1.03843543674
-0.453712067419
-0.685676670963
-0.498631289469
-0.599627129795
-0.362650627695
-0.50040996979
-0.379604304213
-0.116793410533
0.27047221672
0.309262814668
0.5386978742
0.330607962887
0.269695178402
0.318313029478
0.238523492826
0.407918823134
0.440432027658
0.330743477951
0.210738922812
0.0955958996031
0.201456283394
0.57225532944
-0.0157246490669
0.293941474688
0.41961406649
0.320734848088
0.308269617207
0.236585827256
0.167040792076
0.0948113513988
0.50169118058
0.253509923682
0.47080644437
0.61342248394
0.163327412572
0.171846838568
0.14505639745
0.0491212600651
0.252222148563
0.407922566029
0.432070766286
0.369716705412
0.576143190009
0.551260443775
0.0324981867382
0.0783798695699
-0.176805710663
0.192118530403
0.402003386887
0.205139727848
0.343524335541
0.447241303249
0.47218018229
0.187618006286
-0.041941860993
0.166342124634
-0.171041404838
-0.0226199065213
0.0867888902974
0.252074423773
0.499003274002
0.340484697212
-0.914423362948
-0.233320463127
-0.363143980373
0.0116581238826
-0.0867946912266
-0.036844401503
0.203965945233
0.106289486254
-0.468818256822
-0.831395014964
0.279220692037
-0.592417336613
0.0665739437657
0.394247416804
0.328502103696
0.33413446711
-0.256689280862
-0.661494406677
-0.2676508438
0.229603388294
0.120310006096
0.446464506303
0.384785642165
0.5254834721
0.19063147278
-0.306928336684
-0.30250085939
-0.433633944486
0.131617525302
-0.0484703104423
0.395330307999
0.428795379517
0.110531720632
0.000615549962664
-0.323193467548
0.0375264501845
-0.302136866167
0.162627441699
0.222957939551
0.382862740462
0.0460528327049
0.0605658977856
0.0287025800289
0.111997908985
0.0335430620914
-0.0898358008699
-0.179968174791
0.241021565913
0.0705097924724
-0.0139908165488
-0.0300057927654
0.0803156561225
0.0955793810774
-0.212838381093
0.212613818662
0.249690368599
-0.0771468196601
0.242025301839
-0.00631631081726
0.182507561497
0.0941349240945
-0.282322628911
-0.197627987371
-0.0265610432099
0.00557106289742
0.0359688300504
0.133943370378
0.519121843092
0.25375959785
-0.217424480232
-0.0978033616192
-0.0349448248583
0.0258815918716
0.238643064548
-0.198974848149
0.000269401406636
-0.210760210371
-0.610491959767
-0.33702035398
0.377976510728
-0.092553746018
-0.124928997327
0.105473274195
-0.110866329684
-0.37129863796
0.102308121603
-0.628421187931
-0.380589437403
-0.0941451703304
0.164953568137
-0.507979614532
0.0168601979963
-0.622357621764
-0.291849176833
-0.237382257661
-0.0514187457245
0.23805552747
-0.602242047072
-0.38243331999
-0.501272621895
-0.464009352731
-0.122017579076
-0.55020216919
0.0509902228486
0.309420354355
-0.192543758491
-0.405670724261
-0.71312958923
-0.717272481262
-0.762630395324
-0.72938466313
-0.352420425222
-0.316391919184
-0.178878790631
-0.162426647615
-0.465245798133
-0.351856588398
-0.462700594461
-0.438345945689
-0.705736515901
-0.209736402925
-0.0515649699845
-0.0830667030782
-0.00986914651492
-0.514458716986
-0.543944612924
-0.250282244135
-0.46924189382
0.479772698157
-0.0430962133006
0.0780673338395
-0.0183208109457
0.131001091618
-0.157977027673
0.235629372503
-0.0810146701586
-0.116605212719
0.0967510905229
0.118580296188
0.354286999721
-0.0099058473653
-0.162657678169
0.519901805034
0.0883369263448
-0.170370708376
0.251361196941
0.522053009538
0.0506375742264
0.1603890415
-0.162591387144
0.175561287123
0.241760578782
-0.223493118152
0.325672605448
0.551706232418
0.111698937984
0.292709640922
0.305737436101
0.647275583749
0.44979078304
0.0920360976881
0.70879008999
0.491398206367
0.420659718064
0.317307220043
0.206849925584
0.509889055135
0.687439502951
0.0530759644063
0.504616252421
0.5273615526
0.242482586257
0.158768880777
0.054577360071
0.648733038025
0.682749028459
0.712561216793
0.580336333693
0.59648223041
0.367417017341
-0.365308692441
0.241110224533
0.523898352326
0.694100417294
0.562171655941
0.232539175142
0.426397937747
0.197194277143
-0.841683663777
0.31255848043
0.64498301363
0.58147382096
0.284365140073
0.815700578777
0.517254722809
-0.936470949157
-1.61492229258
1.16539887971
0.735529411292
0.813068570233
0.479251782687
1.05479675141
1.12620883079
0.477061712536
0.413823296874
0.627808267529
0.50056111039
0.342105288974
0.185425690596
-0.0818370871673
0.232393673699
0.201740785049
0.415036682232
0.160312921222
0.175517645633
-0.200893306591
-0.225750607679
-0.174754334297
-0.474290072492
-0.391288446235
0.14543198097
-0.11100144695
-0.307922693669
-0.3053901384
-0.638521884551
-0.816363546621
-1.0452720466
-1.07135980862
-0.945935934861
-1.02035759417
-0.831390665285
-0.387419699029
-0.550319417408
-1.08889100901
-0.907793145417
-0.508623745886
-0.564820497203
-0.388337377388
-0.230963455845
0.168251448908
-1.66095440977
-1.41371820046
-0.21185671782
0.229878512499
-0.0364066450508
-0.498359506284
-0.343447062455
-0.456626243265
-0.305274715755
-0.0984122926666
-0.125079629081
-0.252884671285
-0.116556474566
-0.13220729947
-1.0054106259
-0.950227603927
0.0124358175877
0.11854782489
-0.224031780759
0.0245221888635
0.137425921413
-0.23971491979
-0.340595113429
-0.842788292763
-0.3496252641
-0.595571100723
0.0601840613983
0.156185781531
0.00710773848643
-0.289540213692
-0.222677636028
0.150880819368
-0.489300849101
-0.207327470747
-0.119031017483
-0.0947299852693
0.346716733922
0.202278567812
-0.170677752102
-0.25156307492
0.0850501837988
0.102710062256
0.254358200198
0.376128604492
0.240131767036
-0.050142568917
-0.452746612622
-0.247016368199
0.060262363819
0.401718455912
0.116980757962
0.343549115322
0.316323657038
0.0972508082325
-0.142982616445
-0.00771121097152
0.239007885687
0.232707132614
0.369586583837
0.727377891742
0.450422421487
0.184644044457
0.605119766666
-0.0471031981589
0.0548221325183
0.351005794718
0.388410194337
0.381273620155
0.460268573231
0.346011700261
-0.0887875975782
0.232697214986
-0.00683647922553
-0.0339797802487
0.112104159318
0.38884732791
0.589337481796
0.534978396911
0.210745480467
0.496560481339
0.462641484104
-0.0287815189656
0.256491988083
0.091357484217
0.66777605642
0.110863204639
0.308184545158
0.604107684066
0.0275385384365
-0.0770036172288
0.148618629727
0.212944410696
-0.189430516995
-0.120283674855
-0.13051518832
0.176726412882
-0.0899134506269
-0.305979255937
-0.201427603642
-0.504557646872
-0.307994921519
-0.301335637585
-0.412835682341
-0.143096860007
-0.53340209205
-0.613402328787
-0.48337161104
-0.563942190667
-0.356132223934
-0.669118548749
-0.522731729237
-0.249213941917
-0.282140781387
-0.270042090751
-0.296775838951
-0.177260600131
-0.471373398037
-0.0222118211854
0.327841455206
-0.086341002431
-0.303071429789
-0.23256894377
-0.278801629281
0.180230267242
0.0407977725272
0.247796343641
-0.145765821627
-0.486053442076
-0.251466928196
-0.227802297412
-0.235537050424
-0.079831629172
0.0798415723368
-0.183720418229
-0.178734604649
-0.055586515451
-0.550288726995
-0.500578587501
-0.263061975504
0.291025397523
0.121479239602
0.0786181239835
-0.168029337745
0.0936461347084
-0.63588684619
-0.485892367356
-0.521095190935
-0.193520960796
0.124889233858
0.0975121372131
0.0547049159095
-0.0237914418352
-0.486883762316
-0.523475186297
-0.75833746488
-0.158598492794
0.101327688255
0.145056403521
0.234765490703
0.0426840571738
-0.579901932617
-0.536112308419
-0.598653008264
-0.0450565733651
0.0240274604415
0.058847084924
0.272071086731
0.303377014326
-0.0439384441068
-0.119180950655
-0.295667477924
-0.32455807806
-0.0804303912903
0.0755119876404
-0.0185936171274
0.284810753786
0.387827800113
-0.0776701057169
-0.23812152988
-0.275745203161
-0.0448473446067
0.288285248334
0.248873461116
0.58634184447
-0.0270838003039
0.131947719752
0.252953903348
-0.370757235909
0.0790619767712
0.341522241416
0.428423962822
0.34891166449
0.243015082731
0.146722843952
0.105033339724
-0.0222396953053
-0.147281150305
-0.0620848218095
0.245665122156
0.328148050661
0.122603618924
0.21472893478
0.465009644988
0.768190191603
0.862786248549
0.324462289273
0.53141978963
0.346018625732
0.0547628962752
0.0584181717114
0.718772023506
0.99741885473
0.910139397336
0.545096220102
0.379248420869
-0.0329479319689
0.145830209266
0.162625259545
0.0671844730792
-0.135901059459
-0.525897428814
-0.780275692765
-0.611677367631
-1.06819563451
-0.252560611989
-0.143164028189
-0.251494586998
-0.263963766449
-0.144552274821
-0.816855116758
-0.550822199068
-0.421433924155
0.39844929524
-0.23998808191
-0.274318356695
-0.213567461724
-0.722065127702
-0.466918325499
-0.0794057220771
-0.436756207429
0.0532635906108
-0.160818588787
-0.111742549216
-0.493309049159
-0.211368349404
0.0374060439582
-0.34500871228
-0.740343557418
0.43672591869
-0.118024653127
-0.614167892981
-0.242994773741
0.0362516531299
-0.171963869442
-0.369092955335
-0.942771774084
-0.000357535331066
0.0378428504432
-0.0659607296922
-0.137942235259
-0.361798311843
-0.0662272821101
-0.171654506416
-0.183700174776
0.0508398122574
0.128220131707
0.358751601138
0.137988627445
0.0144026587951
0.0769408208838
0.0560415147734
-0.261445148528
0.20287136269
0.312006477318
0.291720190986
0.13188961538
-0.315971000526
-0.180649151282
0.0363519616273
-0.222820755251
-0.0465876391162
0.390946827595
0.736473662796
0.0988945711005
0.137056741394
-0.0360976720251
-0.101436570019
-0.744656436596
0.13282744893
0.659220007552
0.531834742474
0.298366495198
0.11071659856
-0.040864172323
-0.11197047507
-0.809925917075
0.330402603645
0.365008625692
0.404174996484
0.38915477139
0.149230441425
0.302007807053
-0.149886106764
-0.526760347111
-0.211097068173
0.653168915019
0.566093238927
0.379067653379
0.459422063202
0.122253353823
-0.0526444194885
-0.3902729445
0.736359271601
0.157089534033
0.382811237167
0.380863494515
0.119187112636
0.0647141932355
0.151395893346
0.171714633811
0.251865662494
0.621396085592
0.212982901792
0.163122847253
0.544815203305
0.380567811573
-0.00954577652288
0.261885166656
1.19600806188
0.0657885668058
0.109513061123
0.461967529869
0.205868899028
0.183051337918
0.428867386842
0.408325138599
0.462817334702
0.897447618363
0.258420770349
-0.364291388618
-0.543103505592
0.259482794105
-0.103312237674
0.283433322618
0.992578174843
0.285173647035
0.66805367766
-0.117085851428
-0.101864461123
0.00897272463859
-0.559472484997
-0.114844978418
0.146744392252
0.0524053992355
-0.117951144148
0.240066560646
0.253933967201
0.10214856523
0.187294140827
-0.187250799051
0.186893958952
-0.0686113973746
0.351615075489
0.165311034335
0.306201972922
-0.158883783593
-0.151070678728
-0.316523708249
-0.0228909982315
-0.0684613998253
0.0671285330813
0.524623671299
0.212668157144
-0.154115024137
-0.144568612632
-0.490601609141
0.0319296317078
-0.060720967812
0.000552324228233
0.0919999757735
0.0315187338182
-0.227767411346
0.0870904361295
-1.10927942778
0.146382235577
-0.0529049566049
-0.0058231794137
0.482230674881
0.348098699754
-0.144242170393
-0.127545813631
-1.41461338927
-0.829379972086
-0.252444317235
-0.0305127008586
0.0271546639844
0.275129442203
-0.128672636857
-0.867875368881
-1.14706446265
-0.16517416114
0.0433260844392
-0.327132116126
0.072057536884
0.279521408968
-0.854225733081
-0.954052621058
-0.604944522203
-0.0950956328708
-0.16926666452
-0.193289014051
0.290826547093
0.0435188413084
-0.766574142329
-0.770889053313
-0.782862392345
-0.0902157840415
-0.362103152603
-0.265051834914
0.0328086341489
0.0207637778621
-0.231358398696
-0.974183152925
0.0137775037501
-0.250113403331
-0.717207860406
-0.40442499831
0.19175707503
0.15296249822
-0.504664765394
-0.569040622077
-0.0956883520523
0.445482757043
0.173552547167
0.207934958922
0.308926233001
-0.0617819212361
-0.228264177361
-0.636482286007
-0.119986048115
0.472186133108
0.236648845477
0.273537179309
0.503237586578
0.397927406036
0.0766439858718
0.016414344303
-0.748154106487
0.2154919705
0.064253469066
-0.230971829388
0.278057009596
0.318712435452
-0.217731611069
-0.169195227329
-0.243269242922
0.479186269119
-0.141184661657
0.53221479791
0.162361985116
0.184434269206
0.437570679038
-0.0860027952364
-0.0802500737754
0.224829193667
0.568475614398
0.186384567848
0.0265056642447
0.693485533156
0.341083284849
0.47226868716
-0.00729903784937
-0.203164124747
-0.245020596082
-0.107357046854
-0.132988183424
-0.360966426305
-0.281830925798
-0.324275391608
-0.202512391696
-0.090290651486
-0.266099964142
-0.2752324692
-0.150317990436
-0.347913288692
-0.512467559024
-0.361534101885
-0.219725254118
-0.221707005691
0.317740880522
0.0467073254682
-0.232060741041
-0.234896937205
-0.337157079004
-0.222431885425
0.132926160631
0.124041917566
-0.11679854749
0.0442454706723
-0.229253081774
-0.183138992832
-0.157664188012
0.357217416408
0.173551948825
0.268164680928
0.372400738518
0.232663605048
-0.197323196933
-0.0509299780759
0.0902552865375
0.186844492431
0.0924742603898
0.263439505813
0.382241887743
0.248710896888
-0.00250859532492
0.309867766314
0.0862101420024
0.677819455824
0.118668530756
0.733812065388
0.358703466688
0.382420510296
0.144235985114
0.205189571628
0.600053261126
0.463026796886
0.525963292111
0.198360772609
0.257379408955
0.787665065913
0.390996632693
0.522493912879
0.561327367157
0.795265527555
0.753539396364
0.0899641418852
0.255670575371
-0.156316917931
0.637785428412
0.610431198669
0.179066065647
0.42905826057
0.418467590011
0.403937922397
-0.201206312006
-0.715161477084
-0.0839313699148
0.2321900023
-0.537560143537
-0.580941194827
0.303147157186
0.292894338628
-0.534374621956
-0.912018818155
-0.20695545625
-0.247863930227
-0.706488549292
-0.31975554502
0.0885455495622
0.45071762062
-0.677258523371
-1.08750013454
-0.384389686701
-0.465191697427
-0.59853332033
-0.664537478391
0.146271764227
0.00618069492714
-0.303763616896
-1.00371009565
-0.73873045688
-0.507923427926
-0.233168360064
-0.371505732797
-0.0481143407408
0.0314691310048
-0.307486732765
-0.81615177542
-0.531465488665
-0.332245495361
-0.166669826314
-0.283379013325
0.0714460317474
-0.0447576466383
-0.346770609482
-0.438989856074
-0.450703792843
-0.0715750048818
-0.344934977139
-0.191250375065
-0.402115367232
-0.0136933021761
-0.25797382319
-0.27145963109
-0.301900214469
-0.321708652945
-0.0285134468329
-0.212745719716
-0.222637356264
0.209254104647
-0.182201445612
-0.119542902235
-0.104730245752
-0.176189979968
0.138600779157
-0.849967501897
-0.436232222233
-0.156147436168
0.258634010317
-0.0055449165314
-0.142485192703
0.0758977714476
-0.0491080815446
-0.200653692085
0.180395108117
0.398995055903
-0.322355580002
0.243012454796
-0.0434361561974
0.235927694072
-0.0859674579495
-0.400559546407
-0.0707879681789
-0.079635368923
0.33543207218
0.0269156600054
0.0563926891243
0.112200964015
0.0332686860987
-0.275868338904
0.406888447382
0.108019612977
0.0900402826361
0.0354667794596
0.105406374665
0.186400460753
0.0622417986181
-0.00749531317559
0.37678304435
0.506954280009
0.188443394151
-0.00641200090977
0.014830367147
-0.0119628039973
0.327185991327
0.076898089022
0.316401447217
0.548603922692
0.204736895106
0.227878462591
-0.184338620357
-0.0497322487525
0.0706866757116
0.191552117815
0.554016815971
0.460915603414
0.639666282367
0.209061788633
-0.0114002608753
-0.714425139748
-0.0868156385993
0.671552809458
0.877387523538
0.294741188673
0.784738845545
0.408630508732
-0.0933056327365
-0.648126854164
-0.147797460063
0.661040649593
0.264530189626
0.381565351621
0.330310628284
0.1636654521
-0.0856185489937
-0.98116625762
0.215423022917
0.356709804958
0.612108799679
0.292739008596
0.239997426559
0.00155344039444
-0.546993868417
-0.965467294832
-0.0484256814825
0.146782643775
0.810074282823
0.379538029293
-0.211054232689
-0.278923557457
-1.04544763114
-1.15718724893
0.0540314084137
-0.0501272021346
0.550232000045
0.206815376452
-0.299116005753
-0.0516040959789
-1.24328692867
-0.692951569986
-0.350415279599
0.180395868076
0.299585657062
0.343991831292
-0.205484454955
-0.286663677843
-2.01052676671
-0.445009919983
-0.146277281919
-0.0996449301736
0.493309026381
-0.10860703664
0.189590601171
-0.594019443668
-2.02888879225
-1.19179242189
-0.151868140311
0.159364305568
0.0337623290097
0.388387240086
0.184674535205
-0.679780649965
-1.61391655183
-1.09204104344
-0.630238510478
0.140832605326
0.229506304075
0.112537814453
0.0190176135012
-0.35270318826
0.285661755351
0.176983071802
-0.024344314367
-0.130036245288
-0.244765615464
-0.610047004938
0.098910598874
0.28042961534
0.149333590939
0.18363416874
-0.204904660151
0.0835256761674
-0.44651572395
0.033199638163
-0.118718578762
0.0811266609422
0.409333476869
0.171850593414
0.124831506782
-0.228233910827
-0.151321111357
-0.0132790304045
0.391992747073
0.0843814465055
0.44427757526
0.295738360529
0.0184728084209
0.0834874604818
-0.312267526004
-0.053154179773
0.135120037619
0.460534543753
0.23941718153
0.325787798431
0.209337723671
0.015361854955
0.154421803819
-0.140245723788
-0.0732950637491
0.132310572033
0.381957507346
0.374901667098
0.400489370772
0.117926852161
0.483106984618
-0.151424755102
0.111475885911
0.0450451301542
-0.00457901720904
-0.0733329277183
0.0223146666754
0.332124752037
0.752530952447
0.560556181796
-0.135998502912
-0.423633105687
-0.643316275347
-0.822006376272
0.0850262410645
0.376123069976
1.00572873995
0.653538299819
0.00887323232144
-0.350166965633
-1.24833893792
-0.740669395098
-0.809745057033
0.0387265729515
1.44616406976
0.652052685401
-0.0294193575408
-0.348789814527
-0.501210591791
-0.601940249251
-0.0217729149795
0.0979125303717
0.357094797659
0.265510721186
0.253233934979
0.031093564368
0.124594882248
0.0230532303597
-0.0655169500918
-0.00598439461923
0.0234731928752
0.0412676573067
-0.123708408538
0.122741171034
0.167328683097
-0.0615368625683
0.181546504814
0.0343119179697
-0.287387426777
0.145455987564
-0.142875303634
0.118485541537
0.39436983329
0.00826352778398
0.110760941927
0.0611550233506
-0.366823180154
-0.347123403501
0.135286269013
0.104270249605
0.294059506357
0.4372695869
0.0658502660911
-0.0560300412759
-0.416581040766
0.0528022810926
0.168289902581
0.453044772354
0.239758141588
0.12166914737
0.372244123114
0.0304732259236
-0.306256646543
0.0283584301773
0.597303541168
0.2488808688
0.392363849908
0.691543161218
0.0726233445421
0.0783135762867
-0.445696519762
0.127583457288
0.441539285142
0.918265429779
1.13797192424
1.11427064393
1.2589586576
0.489312636783
-0.0844040367185
0.260164447483
0.437336946586
0.693082523696
0.603046308908
0.628623865518
0.510998142545
0.525268710911
0.293231292416
0.650616250881
0.313178323792
0.488098330604
0.675708504117
0.368209660312
0.798685425641
0.604226027595
0.301986807121
0.521870614574
0.810968700925
0.434120832656
0.746457244176
0.404257084014
0.33403123753
0.403365331328
0.653492190472
0.146537036424
0.0554719663207
0.455239944561
0.202079826557
-0.0190614441952
0.543536841699
0.471609109147
0.495793179139
0.095711953744
0.365722297735
0.089213198662
0.117096119939
0.172743428272
0.31650039862
0.601404520494
0.738702745399
-0.132512672887
0.0841058233168
0.435915879775
0.262886505601
-0.146257355587
0.300523215695
0.335122555879
0.666044117478
-0.157405392545
0.175809816109
0.473394692521
0.119850116023
0.0899452329043
0.0579504863843
0.177731141692
0.0572303433733
0.170855716631
0.197725230334
0.130628759944
0.0942025824
-0.0255287894837
-0.303960482333
-0.236174198251
-0.107340887963
-0.282333984589
0.215104956966
-0.0747820850121
-0.0119971282616
-0.0987545935177
-0.408196604097
-0.734723144596
-0.788233626111
-0.0842668851026
-0.0202780206231
0.0399150651885
-0.0398511422432
-0.25163782853
-0.494541807091
-1.03518714035
-0.939497999206
-0.345370574766
-0.133812361768
-0.166598138293
-0.414591267235
-0.437233434932
-0.600147901078
-0.775717221984
-0.860837201121
-0.233485343043
-0.257232194142
-0.504692987525
-0.232509074378
-0.192587088183
-0.565943055737
-0.40993176754
-0.907016851861
-0.557132312941
-0.510871026373
-0.253893675762
-0.263952315285
-0.293383521924
-0.995605302363
-0.381069147609
-0.556192626508
-0.114672903857
-0.586969825094
-0.312868508098
-0.297131237399
-0.627507929455
-0.116360895636
-0.76874115416
-0.266149269267
-0.384285475745
-0.561763899904
-0.533745840817
-0.549450066379
-0.469527485785
-0.536414575675
-1.20019916569
-0.503680289044
-0.0641915847388
-0.100658768557
0.633375176264
0.386160457335
0.302991412544
0.361520615356
0.378966286418
0.137736025863
0.0643870833191
0.20208774201
0.547950997798
0.340086602647
0.611064807163
0.258571165598
0.621188821349
0.300323920207
0.224472400104
0.485875033461
0.429453934313
0.54635108406
0.410893427066
0.156976140251
0.547235479848
0.0038917313291
0.502187107017
0.40122950712
0.383180337602
0.387655128031
0.297204920345
0.36802472241
0.0700787175492
-0.0597227009858
-0.00421199025567
0.637833898053
0.512523659256
0.115262466344
0.533615714557
0.0513893580145
-0.0276536770636
-0.602269594982
0.223345627008
0.283035711519
-0.0602813992026
0.629466872165
0.181400775248
0.168031399934
-0.148793598312
-0.228044729209
0.069202273256
0.0688763747879
-0.0140622387114
0.221372390812
0.109520951715
0.019064990927
-0.136374157029
0.0496112122528
-0.552172230921
-0.325063287658
-0.0197162183791
-0.119610539627
0.334539629385
-0.394369891936
-0.0938501316579
0.360451802155
-0.519138643787
-0.0450991029109
-0.228199462996
-0.130938329086
-0.361143671492
0.132545425381
0.135438001697
0.20591323001
-0.543403899388
-0.388641284008
-0.175969581388
0.180068671714
-0.0862684739925
0.161191129101
0.250606972533
0.00531448665818
-0.139477375541
-0.39013823431
-0.485456221508
-0.0965524483855
0.104870819298
0.11396823911
0.179671453251
-0.346852858488
-0.197717144942
-0.125204211035
-0.0427172474229
-0.234551386864
-0.108908399503
0.022379872469
0.155603919607
-0.232124709841
0.0376355618315
-0.364539615791
-0.10932503382
-0.132105921784
-0.0166965589383
-0.141831612066
-0.787565301963
0.375122955126
-0.362614618181
-0.227646402243
-0.217233725767
-0.0826360992329
-0.375085388937
-0.0319994023769
-0.0647338348576
0.165539036777
-0.242904238927
-0.185414820315
-0.158247882643
-0.0562940099739
0.0854926634995
-0.57769380118
-0.248573833918
0.187666143133
-0.162617836579
-0.136809728702
-0.204527583823
-0.143882712973
-0.242914229509
-0.286624198861
-0.191090985438
0.0208878430294
0.613969594474
0.0947072378913
0.0132482180306
0.455541273578
0.744508240556
0.471641118489
0.447982259747
0.597682322307
0.223523444901
-0.0851843077925
-0.297073840554
0.0511377010739
0.415659456731
0.355616577588
0.206408366517
-0.0811668615115
0.570287263603
0.635924711873
-0.057695066362
0.0637556727216
0.322756802881
0.221955587295
0.234113960002
-0.133558715571
-0.108930710298
0.341077085413
0.686073594941
0.191707426392
0.448422993267
0.304194842178
-0.0899265546257
-0.0114424519477
0.393937022383
0.0751736655754
0.142492103089
0.370725021245
0.417832935769
0.349437686961
0.0833398277749
0.329428646186
0.439962183196
0.459594579641
0.148426759848
0.0055817460388
-0.00178632855595
0.163911185167
0.304405793817
0.113020903348
0.768528534926
0.43181710717
0.262857201257
-0.153673823618
-0.200819447934
-0.40037580142
-0.64896252813
0.431081488988
0.706029268826
0.830383330509
0.236525582323
0.0534925499687
-0.558900707076
-0.380984798275
-1.11052256827
-0.97802159803
0.713045021366
0.81339893949
0.585140672317
-0.0653580797177
0.0798441867292
-0.701535997451
-1.27869531177
-1.37184396511
0.245272566094
0.665132534968
0.480248346105
0.165051830615
-0.160261209356
-0.348653440587
-0.929969458009
-1.48029382855
0.566921240722
0.150083527891
0.316922574013
0.0396266211271
0.0280204970491
-0.15278671235
-0.924458655631
-1.89396047507
0.0128202843856
0.0831116586825
-0.16998845518
-0.000744873879152
-0.0165448239881
-0.756877412879
-0.607121900797
-1.77400363355
-0.150248681076
-0.4145056946
-0.238739233978
-0.11707308222
-0.101624379979
-0.457465361471
-0.868939924237
-0.910340800106
-0.223878835627
-0.273805542551
-0.173367869661
-0.0905732037456
-0.146583517359
-0.30026353477
-1.05869398181
-1.0179753422
-0.428419280184
-0.234761411374
-0.333726771178
-0.32212978489
-0.0918823048635
-0.128503267915
-0.465027463289
-0.943348615006
-0.229293312107
-0.459401324188
-0.668649251504
-0.278726821077
-0.666972843829
-0.0654541306071
-0.420068627419
-1.03831506064
-0.539958115061
-0.160872759849
-0.0190702112259
0.319056428697
0.461777416954
0.340264947493
0.269288144258
0.336349377989
0.025499088481
0.131282426481
-0.0128288978361
0.179897060584
0.062288604469
-0.0498357380026
0.200158447898
0.538567767793
-0.44880254511
-0.0907445770935
0.178982589055
0.292604888024
0.106582504177
0.113659942361
-0.0107996910045
0.296472785209
0.332290921203
0.136749756304
0.194973874747
0.132161847963
0.194272721475
-0.0586160185694
0.151419185496
0.359499884945
0.154519713467
0.352409538859
0.394787276293
0.296331560161
0.0114159718577
-0.156106687078
0.161140374148
0.325470535527
0.152957571198
0.559066954814
0.300682491548
-0.0460133006091
-0.217975463815
-0.210428937779
-0.937959691746
-1.00063948999
0.424084297028
0.326735506408
0.22570998865
-0.271593658621
-0.164393492229
-0.373117355907
-0.586805722654
-1.83593239185
0.103189864315
-0.19409881641
0.181825985809
0.232089995542
-0.429000801541
-0.045438030229
-0.537008176115
0.0576332477799
-1.11116647151
-0.572466248816
0.0879730638939
-0.268655935394
0.20596749024
0.177333795106
0.504902834988
0.921328271844
-1.51951724618
-0.742112705053
-0.73819807677
-0.418017924582
-0.206229262223
0.228889080448
0.79303531657
1.03248018784
-1.3620638804
-0.682880143088
-0.622365908714
-0.574587837652
0.203823671543
0.915268152728
0.696625744813
0.973353244213
0.41541234645
-0.271365743515
-0.128877187567
0.0506440253998
0.398048513993
0.171817132991
0.476739902404
1.07504299515
0.146086037996
0.226585087636
0.063147940456
0.107004827777
0.237621623425
0.147488460691
0.251454491817
0.0801522570333
0.262919327937
0.314848910133
0.133094476432
0.417445341501
-0.359725111894
0.278081578651
0.0045289517575
-0.037992944896
-0.157169766777
0.346603142982
0.144285456684
0.0983637687892
0.253822516921
-0.338069407588
0.0900400289606
0.131237079636
0.929105411684
0.0686929446787
0.358404146938
0.378763548078
-0.0269286665185
-0.351072830954
-0.345065919612
-0.426634522214
0.315496397663
-0.161050857216
-0.308768322136
-0.570879194782
-0.335687996423
0.329680187935
-0.020486382427
0.830665732514
0.191379236669
-0.303704354156
-0.038483490958
0.32221313661
0.259932346843
-0.0412903904498
0.103489764422
0.0612985436631
-0.0855135692625
-0.279736343881
0.271071976448
0.359709603566
0.336596101817
0.104028951823
0.299954518352
-0.142001841493
-0.281504941668
0.00546116256021
-0.00864364314311
0.291200196217
0.429034359189
0.2556569799
0.0227878656854
-0.360807032593
-0.241986780458
0.0785353010916
0.426169414876
0.61685261615
-0.137753585577
0.346004918332
0.358696930408
-0.264089876237
0.0940420198503
-0.129631350476
0.221550606824
0.285687240032
0.551524637383
0.225208405911
0.245357074303
-0.151990052571
-0.218484889132
0.237606058149
0.0997518005792
0.206895518997
0.0811246506007
0.169524558009
0.485637376355
0.32538636415
0.00253807751339
-0.239481191824
0.151883158351
0.193949154703
0.203394497761
0.285812302538
0.0242942766137
0.283084143856
-0.0713344075397
0.282641745122
0.131517139121
0.187324755013
0.15980711654
0.323992498767
0.176654788659
-0.0154139011345
-0.408317066565
0.0325809455568
0.441806082828
-0.116029545464
0.248891380893
0.0570161104099
-0.0937703977355
-0.473947627001
-0.613974928352
-0.182022979402
-0.26556047343
0.0495152368656
-0.107522392999
-0.12022194418
-0.18735469401
-0.994549680266
-0.809009692205
-0.422230190685
-0.072256775804
0.198215505742
0.0323184682203
-0.156244012379
-0.240950785573
-0.31389512114
-0.588957037952
-0.28360335252
-0.244598287902
0.00400496512561
0.0673358219699
0.0609579117115
-0.212317919327
0.0863809614612
-0.932259133546
-0.550299474903
0.0657621861793
0.210345174547
0.312229209178
0.146717956706
-0.114259016264
0.316745934725
-0.517978263546
-0.222720848612
-0.405236246208
0.154559943085
0.441476491295
-0.031492498024
0.151242770673
0.543784328291
-0.139553832771
-0.963270204061
-0.550881823831
0.200629920943
-0.209425339928
0.413938017295
0.528516402401
0.607604770813
-0.144883391916
-0.339192111977
-0.637471410629
-0.983696325849
-0.995913966977
-0.357822062218
0.143246710405
-0.215876667875
-0.420677945935
-0.180934303677
-0.641464894735
-0.798527024353
-0.946619716493
-0.346255313716
-0.0465871474379
-0.38132150407
-0.145642129969
0.0560975305962
-0.734854755597
-0.82721773914
-0.712389865642
-0.271639273409
-0.210378050461
0.244258288013
-0.25190600033
-0.107543892997
-0.574622796911
-1.03484694206
-0.335349939111
-0.431818877692
-0.127944112099
0.198961301997
0.124742391557
-0.258111011862
-0.586756877036
-0.877857841545
-0.334411021175
-0.0790214465765
-0.274336142543
0.328565815428
0.386757804043
-0.440005710632
-0.406305748495
-0.730598999156
-0.500388880171
0.0236035878073
-0.0303722142213
0.950976359109
0.753842786767
-0.0641863896674
-0.911666480958
-0.57456145331
0.204762835194
0.101624973306
0.446439277569
0.484689590434
0.420664190906
0.106975797501
-0.57639098027
-0.432365069497
0.214117753926
0.341480474208
0.39870226947
0.271985461489
0.994203297328
0.325681435307
-0.758103282765
-0.044096671848
0.300040449267
0.799997657095
0.35278105633
0.354930328785
0.808142416884
-0.0473771278686
-0.0219050918228
-0.371151754613
0.212793461015
0.510166087201
0.83260168264
0.342007892235
-0.125978576785
0.242089966009
0.336449669866
0.134861941734
-0.024987488896
0.280181365563
0.607344375727
0.529118114548
0.0281395138409
-0.247582405163
0.22178632497
-0.153135189773
0.329172920777
0.230513114343
0.569734549193
0.230746804171
-0.182822627481
0.157502590785
0.37291547497
-0.173442281346
0.0495849459118
0.592654115481
0.319352883864
0.303906556884
0.11178339813
0.169551069439
-0.122992019041
0.420552374255
-0.0529393267646
0.26844712433
0.667642316953
-0.190043070058
-0.574010533492
0.135682143854
0.0382325943177
-0.0153775969811
0.279653376462
-0.0842650312266
0.318613949532
-0.190429281232
0.101027379481
-0.128450406421
-0.0710086200762
0.573780632468
0.716162177328
0.415198858917
-0.462242092557
-0.0831704755481
-0.243506606577
-0.13416968638
-0.636342435897
-0.602661499194
-0.673426784621
-0.20022696641
0.453860627754
0.407409869334
0.20910479277
-0.221117726829
-0.683639967891
-0.508288587925
-0.95434685096
-0.0135795496204
-0.144768242656
0.490338431338
-0.135704164395
0.192911343322
-0.195459479193
-0.93205333933
-0.71407141206
-0.3223029373
0.497679677939
0.877915280166
-0.203941918075
-0.309041697172
-0.137704810317
-1.0388550807
-0.490129885258
0.0106269765648
0.488124963376
0.560720992917
0.318411707431
0.0869337670511
-0.22029930981
-1.13876994245
-0.41298959972
-0.166918963624
0.189374696873
0.713561776377
0.754821108794
-0.113530560581
-0.355379461557
-0.51878366849
-0.459454941566
0.0669073673685
0.159975242237
0.646412101242
0.804563248444
0.24613042852
-0.348253855493
-0.463460782398
-0.498474071128
-0.263047985344
0.469616383823
0.32101327604
0.450463562357
-0.0746105007653
-0.0446722330277
-0.391235241601
-0.67898208286
0.177527804675
0.186882461363
0.161413171054
0.0538888707522
-0.396964976795
0.0553441848244
0.0595000655156
-0.317580953732
-0.269461797616
-0.120035489226
0.0491403114367
-0.0634499039098
0.203243953722
-0.0906587141559
0.2776001931
0.0910657864293
-0.165932075474
-0.0289641799022
-0.34755617938
-0.336794764217
-0.231858697118
0.303731908556
0.468536027343
0.0485109193607
0.168337902198
0.129494146524
-0.248127252226
-0.615254452731
0.156068942418
0.211747888408
0.376834199323
0.305726845283
0.168964733813
-0.191606612417
-0.216427770431
-0.575400378146
-0.165949647413
0.197187347446
0.0911968149365
0.0304841398984
0.245328304188
0.131893200287
-0.452416613615
0.231942007116
-0.286140343559
0.042592800276
0.349757467048
0.0377130531549
0.151469541613
0.31555362726
-0.455259216226
-0.402176204106
-0.224720850545
0.0874681027526
0.153412376033
0.345739061403
-0.0477648182923
0.0305836423395
0.18464208069
-0.675023045814
-0.295427361106
-0.246365897665
0.0373195656948
0.575138880084
-0.266984616424
-0.100277200483
-0.352013160641
-0.0876732546013
-0.125733383234
-0.150943488386
-0.197636605479
-0.190397245202
-0.211813931887
-0.17764081389
-0.241668710942
0.0516269984824
-0.195352726434
-0.176319431402
-0.172055939807
-0.159063020729
-0.197356079217
-0.193544571696
-0.218652067151
-0.1183805991
-0.334578841677
-0.336033585263
-0.369089825879
-0.327643640141
-0.141973484161
-0.343268751651
-0.177794778238
0.0227355886019
-0.596614634073
-0.266758986271
-0.354838372783
-0.365426535099
-0.593406876245
-0.390315686035
0.206416629938
-0.0490724447021
-0.875564893034
-0.318598016194
-0.323968390567
-1.13020339735
-0.611642657942
-0.448371577567
0.424769692219
0.093931996361
-0.683763554051
-0.665661924858
-0.57411307859
-0.35394745577
-0.926194576624
-0.313757029947
0.970259348526
0.229071188544
-0.905441774656
-0.431449810817
-0.278339909245
-0.177272160299
-0.704371963556
0.128179873465
1.62095407345
0.52149985153
-0.406946824623
-0.114447867682
0.454549647059
0.372931961437
-0.461824275752
-0.304235048405
1.16052029062
0.1652577768
0.109980392095
0.42899336015
0.548378949481
0.547249144228
0.360889997618
0.043083807064
0.22559011253
0.405208410445
-0.0313678819733
0.49557185234
0.733987613538
0.229527697695
0.286975970169
0.0242263485422
-0.0102044155951
-0.353506269315
0.123368664927
0.487666545332
0.450530238872
-0.0634570328499
0.193673694494
0.159245108129
-0.122010609105
-0.11424779653
0.204336099132
-0.172709365376
-0.139133883128
-0.233501490272
0.161076290103
0.341861624176
0.0762028839527
-0.247521142261
0.214146196994
0.0985033249759
-0.0627718026422
-0.0143326085673
-0.251468640867
0.0328940384552
-0.476864033617
-0.141869286843
0.278215298795
-0.275612900146
-0.425749399578
-0.376524402978
-0.249677473679
-0.282013865636
-0.500908298611
0.149853917823
-0.111891720892
-0.297746342262
-0.28541516446
-0.248443423902
-0.233626025025
-0.213988114143
-0.181300959525
-0.162172531936
-0.168677361591
-0.182494993428
-0.172480972298
-0.174429262991
-0.16448933196
-0.168106718495
-0.0820724192462
-0.0529337368104
-0.152614356716
-0.250673976627
-0.322945005167
-0.184439541892
-0.219584389327
-0.10085847152
0.031705585565
0.394178976724
-0.404314118737
-0.274223132994
-0.0736985569268
-0.00535531482455
-0.0557219196927
-0.089020695776
-0.191817104977
0.283977465284
0.108104540642
-0.138763768738
-0.237946975757
0.0299873205564
0.214384554367
-0.0673453311081
0.207257329267
0.42733738903
0.381428875598
0.211716631038
0.142450477235
-0.287814432295
0.253614288293
0.430421513367
-0.34553564038
0.298465651248
0.325326001043
0.00136810030176
0.0375028098522
0.0244457773566
0.0684437461653
0.701622725602
-0.189433470737
0.14466122578
0.435766524128
0.0697449389007
-0.0135063509711
0.280617363236
0.0143684778621
0.0545661481865
-0.548915658417
-0.287711328375
0.251732735176
0.253862014039
0.457697671302
0.235003060929
0.244094182885
-0.146216683963
-0.861089246685
-1.29928547038
-0.0799348323295
0.781805097932
0.439345521688
0.229077825452
0.108110335043
-0.270265279693
-0.335121227428
-1.33133159023
-0.236233529534
0.241560636877
0.73443529475
0.371692421324
0.406114094871
-0.0557688151807
-0.579275897642
-0.639056010835
-0.0571908420793
0.210171820497
0.372962972373
0.375907632811
0.281413597945
0.133233172727
-0.155636866075
0.383122509004
-0.0755181954502
-0.306375843043
-0.165339751287
-0.233984370999
-0.0300072466802
-0.110467244655
0.487487975002
0.26468490819
-0.152644311179
-0.291476058873
-0.623941692908
-0.0800347707087
0.0077130595638
0.169875284544
-0.196659397817
0.587578348539
-0.120478848238
-0.356672951215
-0.207381124222
-0.649482636252
-0.351916637435
-0.220829065262
0.0444565294508
-0.060374133887
-0.0499731125744
-0.250010293874
-0.0316317749387
-0.499188431372
-0.046038863536
-0.0659052817066
0.153131393479
-0.278920155343
-0.202652808567
-0.347947726466
-0.153642597158
-0.281900212051
-0.310704895848
-0.126775685475
0.413247033182
-0.176603707542
-0.0310153673188
-0.265558614168
-0.156033730539
-0.493877178999
-0.647489896697
-0.0906910605041
-0.329046325469
0.662343499564
0.181941505798
-0.094613956828
-0.245650566862
-0.460533449402
-0.0608354905908
0.492942170605
0.19865567961
0.64666858646
0.756392667064
0.502217749564
0.137562377768
0.251091129334
0.0834354738092
0.23546048515
0.495043223656
0.389964164686
0.390206209719
0.492231635897
0.163491941957
-0.00890997386021
0.425547414561
0.357915590342
0.175013683508
0.715270201058
0.323190780496
0.288122612025
0.844999152346
0.552251040201
0.3500424887
0.088157549573
0.579572984638
0.374292034805
0.443525116147
0.301993695031
0.327710202135
0.547912065641
0.728603625607
0.501396866863
0.168268616802
0.46531666897
0.0927704035195
0.609421521421
0.214451801871
0.465567956261
0.595797692893
0.593327429573
0.324420723592
-0.308032149312
-0.269954596033
0.0661567926413
0.0473998403923
0.481871511121
0.777290967033
0.840617555089
0.589754055753
-1.2668514146
-0.249040432043
-0.215615574815
0.353306876809
0.405194261912
0.128169304683
0.307047896048
0.184481024696
-1.61275879186
-0.840070844104
-0.367155518991
-0.390717468656
0.00618027512565
0.636423262881
-0.0910820960903
0.0707558584352
-0.802759942282
-1.19198709042
-0.204278374779
-0.0695063747679
-0.153791395038
-0.235590760716
0.445121109014
0.380377113274
0.124244658702
-0.117167643546
-0.0451406369638
-0.496862918078
-0.432007244665
-0.459974376119
0.109422927162
-0.0356236827658
0.0326977327397
-0.251685180844
-0.177645941554
-0.235731365701
-0.030817288658
-0.140460700498
-0.273299969305
-0.0125789162777
0.199863318984
0.0622655915143
-0.393909692246
-0.152181072686
-0.323884591434
-0.382509030981
-0.0773856379466
-0.12825739145
0.0837422164278
-0.131272001938
0.10422136297
-0.179529312651
-0.192654822405
-0.125385523614
-0.200863554257
-0.302145642027
0.131131979306
0.0103555914362
-0.268039405558
0.0947341013263
0.0021343536434
-0.406394235235
-0.243481798901
-0.417478356748
0.174513170978
0.0666194500042
0.467993629115
0.159382439039
0.135666428248
-0.194948604962
0.0600042551207
-0.05894355245
-0.0657034398056
0.137186543836
-0.126115651695
-0.116249080618
-0.102061917732
-0.606399225964
-1.02686058986
-0.516801250778
0.543533481452
0.182746106653
0.114041694515
-0.238027294772
-0.0872964207759
0.230592020834
-0.0984680638769
-0.454009009126
-0.178999383074
0.198835513984
0.165264026687
0.126749036172
0.246627174685
0.114821357673
0.0716658586979
-0.357032194511
0.194672053419
0.212401141856
0.0503265773802
-0.0668365942239
0.143585248718
-0.0927381041926
-0.0177588736485
-0.196955028104
0.227735591155
0.319514892417
0.302543034498
0.23958297076
0.0981861802044
0.0598131749895
0.0826243129549
-0.0849067788957
0.0540612741242
0.0600817262495
-0.129416237077
0.171788638996
0.0186697654183
0.268606027182
0.19274323838
-0.0699149266793
-0.32038277141
-0.164934365545
-0.289056455426
0.363844811087
0.575102232834
0.705225886848
0.163787218875
0.0571218603773
-0.421461256222
-0.166670904961
0.159156682814
0.230343047755
0.285677706375
0.475565357979
0.0824246144803
-0.187467640995
-0.605337319037
-0.121368112935
0.386208549202
0.188846753471
0.0447595265536
0.051298118808
-0.043475824126
-0.451328338731
-0.786849164718
-0.12965544728
0.0636247905473
-0.0463900404402
0.14317632673
-0.100461230016
0.0144908230918
0.140236474869
-0.295911111565
0.39376569687
0.0846836558808
0.437507854913
-0.0356035583623
0.0117058259351
-0.0357365266471
0.25684212342
-0.332780693253
0.0533829844883
0.25034086187
0.110668153594
0.100568124062
-0.342349000987
0.292123249961
0.204619130377
0.188318051084
-0.105024472584
-0.160480061239
-0.0220233869048
-0.0351872531105
0.300693488324
0.236005491858
0.456244354183
-0.12280740169
-0.0920142619874
0.0872814718821
0.00242335344169
0.0733945565543
0.244422502383
0.288311885016
-0.0603094915286
0.176715534193
0.0236686739838
0.0226842644524
-0.267854147208
-0.341012371121
-0.137716484502
-0.413016958582
0.117265442616
-0.0960392917791
-0.0674861780784
-0.170014446366
0.0760492658457
0.177361213775
-0.267700798526
-0.48050194142
0.455023514934
-2.56828711431
-1.60194288799
1.47494630495
-1.70132613876
-1.33875492069
-1.44205147729
-2.14543073942
0.924268923945
2.24765512043
-0.333447212525
0.552910638073
1.48658390211
0.503679667789
-0.646387169948
-0.64757706282
0.328388886189
-0.630037234269
1.915624576
-1.55916104342
0.852323545249
-0.547854683962
-0.926301474057
0.903435168648
-0.927503440386
-1.68967894722
0.604101647607
2.47303917082
1.40292176519
-0.62252865491
-0.749625559392
-1.53483099172
-0.460904260236
-0.925300478716
-0.613470805041
-0.231680411918
-0.0689132473043
-0.625851954521
-0.350895428798
1.52265431934
-1.12646259746
0.997592649812
-0.623329793747
-0.0951856489068
2.16021715131
-0.636394565854
-0.45998781568
-1.15133284061
-0.198233045123
-0.34346394589
-0.272683907673
-0.596711718611
-0.41814614667
2.09344195059
-0.84129619855
1.87532305579
-0.78102637962
1.36775029281
-0.671872216057
-1.22143249573
-0.621990369838
3.94155123139
-0.174241350254
-0.691678774473
2.63669932694
-0.834980642133
1.9785503669
-1.24839703991
-1.03786275978
-0.168564368662
-0.937576549249
-0.596302924084
-0.64950346987
-1.26703324584
-0.266644265988
-0.36392316797
-0.262114621329
-0.511220772589
-0.587675610164
1.23519487387
-0.605705354826
-0.722938123603
1.50201974249
1.94558877748
-0.637379178317
-0.948087628097
-0.484224773359
2.92966374537
-0.100022437478
-0.480489182339
-0.575309482889
-0.79472335346
2.09717726946
-1.13072001346
-0.585154222866
-0.206980227034
-0.568143978095
-0.583256501638
-0.687878660685
-0.835846861068
-0.193566042529
-0.24744173673
-0.339726730894
-0.775310128315
-0.718499513575
-2.49793401578
-1.80448779968
0.246179119771
-0.399895916852
-1.46888858116
0.689334917485
-1.00886966802
0.149215644159
0.86182040439
1.67883464643
0.978309549763
2.37090858837
0.0401575213499
0.141890241522
-2.51186687884
-0.199879001558
-0.726616513158
-0.168672484519
-0.281280521089
1.67646889477
-0.919995252019
2.50908607826
-1.18860076897
-1.09150282585
-1.95550629744
0.166877906303
1.54477212612
-0.542499264779
-0.459876549214
-0.581348356405
-1.27266058379
2.42933037548
-1.15777985185
-0.490032309204
3.73070495656
-0.0382606380206
-0.440879510936
-0.340823473957
1.40435724921
-0.828114688421
-0.888548705719
-0.683070276263
-0.149888527314
-0.566036090626
1.68174604435
2.17254363068
1.77742445592
-0.231941198642
-0.28096914585
-0.303052499171
-0.901936436243
-0.423545576805
-1.20122608603
-0.659870790189
-0.558393053514
1.17128307287
-1.50166019535
-0.540289303476
0.983875859827
-0.752139031113
2.15543246179
-0.124282227997
-0.464398785807
-0.606770146149
-0.701930854766
3.34946214217
1.22891796381
-0.764190002755
-0.199085295038
-0.488006905661
-1.09005824918
-0.715562807515
1.55436283716
-0.260915284219
-0.36947268651
-0.299499795863
-0.91466363267
-0.784586498776
-1.32536856173
-0.758879874665
2.08770851048
-0.597365141723
-1.42773762956
-0.611056124679
1.10364015815
-0.342302037539
-0.27665803728
-0.0542006881507
-0.540413811116
-0.363275114951
-0.683025585684
-1.06048609765
-1.15937729567
2.75027104811
-0.129286132978
-0.972426147632
1.96419388494
2.02531388455
-0.895255316309
-0.237169198041
-0.210735637027
-0.314325217957
-1.00686960289
-0.550165578237
-1.2660240021
1.28552619707
1.42520783909
1.72713961565
-1.56237074364
2.80893285304
0.598221548793
1.7337028968
2.62081212894
-0.0978892505681
2.71145182016
4.32356248678
0.755412397336
2.35533531078
0.799059710103
-0.868688693806
-0.27182906815
3.45241351263
-0.870384412226
3.87278708661
1.35412901357
2.6342423428
-0.434756433928
2.88186426612
-1.05124887002
2.63308524784
-0.28590943941
-0.204718981469
-0.132603033046
-0.189905722692
1.86972699668
-0.142749796969
-0.264375581572
-0.0637015450975
-0.0550711403482
-0.0109894311007
-0.0645820510105
-0.0485547599539
-0.171352894878
-0.377253841272
2.25306727163
-0.169820522163
-0.0185797354982
-0.101952422366
-0.124948201514
-0.111476664576
-0.212846452462
-0.0231992415974
-0.0471177338711
-0.0917652011174
-0.112248411821
-0.110711573611
1.04879514341
-0.820417359977
1.96528719544
-0.918821427715
0.492300292477
-0.474404229194
-1.23666122069
-0.506806805304
-0.383941211537
-0.0771253903963
-0.781189384582
-0.41994508356
-0.854211389872
-1.2196565896
0.966049098874
-0.727516647792
-0.177699704118
1.84535870991
-0.78553299034
-0.674029378239
-0.994779872344
-0.414681127292
-0.314376213368
-0.353797439214
-0.784448121005
-0.639458138925
3.16042320459
2.67964555781
2.27897179097
-0.858593679839
0.262085380179
-0.657942071811
0.633427817429
-0.543327318843
3.83679530196
-0.15900190704
-0.815495429151
3.20187619878
-0.716373543222
-0.990210044554
1.35592381249
1.55640314207
-0.195499271153
-0.688395621468
1.74012049328
-0.690025042655
2.77329226503
-0.248945699571
2.47700098658
-0.43754734504
1.93500538573
2.15632889755
-1.52536104751
-0.664714904624
-0.836298745028
-0.687671681001
0.422717443222
-0.534673126469
-1.49202750438
-0.795600584455
-0.359514856015
-0.0601264774281
-0.726855817645
-0.501565979724
0.679652045699
-1.37025122981
1.30273833492
-0.943811934924
-0.248347709838
1.74850495204
-0.774742868586
-0.760476685158
0.726051437634
-0.439795557274
-0.852908314209
-0.522382662739
0.971333555548
-0.665600887144
1.06350235637
-1.29485854339
-1.55292038758
-1.49633040382
0.551462485463
-1.10088381228
-1.98037296666
-1.27301832398
4.08155088537
-0.356211448065
0.576705026961
1.21027398456
-1.62587382783
0.156092187113
1.39077839556
-1.78910345755
-0.469135787095
0.554022468065
-1.4020911067
-1.25918930517
1.21176876267
-0.721022733714
-1.10318781512
-0.916553924554
-1.45839512435
-1.20932866936
-1.99340885422
0.374249359517
1.49103409416
0.607034705889
-0.884326514494
1.38503666365
-0.355955910039
0.459944601843
2.3122757071
-0.218559143783
-1.17766320306
1.87060555177
-1.64639488756
0.393857580799
-0.574103477255
0.387418477995
-0.630790932978
1.8473744947
-1.41980494637
-1.18445519113
-1.84547452186
-0.824079995171
1.3324630323
-0.700857181532
-1.78648376884
-0.908336305162
0.560871751955
-0.631423446019
-0.583953148247
-0.947605557933
-1.68305778218
-0.793666589718
-1.19239275545
-0.597002761216
-0.507704091917
-0.0756577845388
-0.582272971185
-0.454486166214
2.40963898063
-1.51329181917
0.580475525312
0.987443426141
-0.306549648111
-0.915679805393
-1.21891280604
-0.645317802792
-1.0256779514
-0.322475348569
-0.432311057438
2.41353649499
-1.29232313629
-0.680284868947
-0.668064757331
-0.328293022228
-0.37655298609
-0.559115995678
0.830126148984
-0.415788486671
-0.781160348838
-0.253952360563
-0.163844078067
-0.0215862717173
-0.222759395174
-0.259028202122
-0.356998460498
1.83583296297
-0.51517605524
-0.337908329954
-0.12685485706
-0.360816166082
2.29806793962
-0.509850172376
-0.471596154558
-0.143225506548
-0.131163255745
-0.183586493406
-0.565203713172
-0.381462057275
1.80412788111
1.38032169753
-0.898411772416
-1.21513287502
1.5291012504
-0.821007776338
0.523496922817
-0.639496644082
-0.602256514112
-0.162866463826
-0.807949240946
-0.561334275702
-1.26034366355
-1.35468318843
2.01331503716
2.19542769706
-0.345936008326
1.40066237885
-1.22620131287
1.5832522396
1.60495690423
-0.317955273306
-0.407120968115
-0.434929978852
-0.979350474314
-0.688812178569
-0.893893832315
-0.523416660063
-0.522707467772
-0.642525461507
2.05977356893
-0.340029589642
-0.811980090572
-0.477367418452
4.235118763
-0.077200271976
-0.429296925282
-0.451248613937
-0.551528996447
2.79514853929
-0.865284419765
-0.403668330855
-0.135095484424
-0.459161997768
1.92662157096
-0.402608059175
2.67531442838
-0.163627462006
-0.322802653064
-0.214325034521
-0.495004357774
-0.356877886342
3.20578244927
-0.823565478985
2.99753817128
-0.671207268805
1.63348183774
-0.42664828141
-1.1226920697
2.41550521242
3.38055387421
-0.0660932944533
-0.476825406698
-0.365158549977
-0.573365392959
3.25189562028
-0.862572055556
-0.73534047526
-0.107181895793
2.28490870471
2.62090718461
1.98162160875
-0.760447102359
-0.167840000266
-0.277981480691
-0.321988303997
-0.64809299238
-0.587732236193
-1.89540491663
0.602968462915
-1.37122100488
0.045861667449
-2.45105089931
1.31142705822
-2.44036947494
-0.943421956459
-0.831145126882
2.60168800731
-0.842338389832
-0.839462525929
-1.33409533994
0.449240707718
0.80153943494
-1.20217941896
3.88664169506
-1.07666058266
-1.61694854708
-1.17055696962
-1.80846136042
1.79230580452
-0.84172187293
-0.610706431262
-1.28297012655
-0.892850633782
-0.846396043142
-0.398423601164
-0.462519634318
-0.655056875522
1.09740787532
-0.242735382689
-0.907346334314
-0.253019911642
3.01383847256
-0.154684490669
-0.315247857101
-0.217950757429
-0.429845627394
1.65079157657
1.66758901941
-0.383826473699
-0.145082614146
-0.326260419988
-0.545507812046
-0.392036581279
1.25820349602
3.92903426367
-0.180299794696
-0.26485918095
-0.385263722415
-0.25858614716
-0.970172197197
-0.498520975459
-0.347935507006
-0.405139370987
-1.18408790412
-0.275576095444
-0.991856952813
-0.214623594476
-0.20772924967
-0.0303400659577
-0.301263302725
-0.255004057619
-0.574222213809
1.46141935119
2.00503577495
-0.280208356688
-0.0834185485122
-0.452792355443
-0.373239624591
-0.343587728196
-0.821615037709
-0.123868129244
-0.24969288151
-0.150697170785
-0.417334479681
-0.279890026916
2.56964502233
-0.192329175231
-0.371957096049
-0.279010216209
2.41939193316
-0.143750700367
-0.52296472679
-0.147364803209
-0.120690288748
-0.00865684041942
-0.233166956221
-0.131689810077
-0.224567324116
-0.398871673084
-0.337276204399
-0.255074807588
-0.0462751268309
-0.189267638109
-0.262763489236
-0.228547917372
-0.277682739671
-0.0752604727941
-0.0619535657468
-0.133187519545
-0.341839398326
-0.279705791304
-1.07144624269
-0.447558585041
-0.470879344923
-0.79756176434
-1.31983241627
-0.392961700571
-1.052817096
2.50698736731
-0.355608643537
-0.0377744995584
-0.350434628546
5.11146716072
-0.58642091134
-1.4608627889
-0.873714508501
-0.377775436054
-0.118565356453
-0.316241128657
-0.727504445349
2.67852257491
-0.742465406549
-0.230687872628
-0.197729253373
-0.280508829317
-0.946172775705
-0.764258269539
-0.865144291384
-0.476280351904
-0.372863524413
-0.473190635795
-0.984123516358
-0.228502642327
-0.824335671874
-0.343268822564
5.14285748763
-0.0305664682215
-0.335915175136
-0.319873674403
-0.59677987509
-0.731286748795
-0.733830699635
-0.400761509432
-0.0892394268492
-0.39146128773
-0.463569803002
-0.328724836354
2.65756308965
-0.14025046885
-0.294771093631
-0.215372132941
-0.521651077335
4.09517577812
