   4.5754885e+01   4.8665691e+01   5.0000000e+01   5.0000000e+01   4.8801054e+01   4.6478146e+01   4.5326124e+01   4.8587350e+01   5.0000000e+01   1.6108711e+01   1.8016452e+01
   4.7054045e+01   4.8040431e+01   5.0000000e+01   5.0000000e+01   4.9708017e+01   4.5336521e+01   4.0461562e+01   4.5816839e+01   4.9935343e+01   4.0792287e+01   1.7157344e+01
   5.0000000e+01   4.9918095e+01   4.8851247e+01   5.0000000e+01   5.0000000e+01   4.2724898e+01   3.0874920e+01   3.6344492e+01   3.9657543e+01   4.3012862e+01   3.9822319e+01
   4.8694947e+01   5.0000000e+01   4.8950063e+01   5.0000000e+01   5.0000000e+01   4.7969198e+01   3.0080142e+01   2.8943077e+01   3.1315149e+01   3.7856824e+01   3.7304475e+01
   5.0000000e+01   4.9954258e+01   4.9283955e+01   4.9727819e+01   5.0000000e+01   4.6055461e+01   2.8550136e+01   2.1948159e+01   2.4777729e+01   2.9135514e+01   3.7178813e+01
   4.8882022e+01   4.8942377e+01   4.9196058e+01   5.0000000e+01   4.8887462e+01   4.9871336e+01   2.6991971e+01   2.0854143e+01   1.7388716e+01   1.9748431e+01   2.5485637e+01
   4.8614745e+01   5.0000000e+01   4.9197133e+01   5.0000000e+01   5.0000000e+01   4.8825113e+01   3.3540222e+01   2.0102972e+01   1.4818808e+01   1.3238526e+01   1.5627520e+01
   5.0000000e+01   5.0000000e+01   4.9006460e+01   5.0000000e+01   5.0000000e+01   5.0000000e+01   3.6672643e+01   2.4388849e+01   1.5563965e+01   1.2902251e+01   1.1342965e+01
   4.9228442e+01   4.8558569e+01   5.0000000e+01   5.0000000e+01   4.8667924e+01   5.0000000e+01   4.2616389e+01   2.3883113e+01   1.7375017e+01   1.4755629e+01   1.0695977e+01
   5.0000000e+01   4.8961486e+01   5.0000000e+01   5.0000000e+01   5.0000000e+01   4.8901802e+01   5.0000000e+01   2.8719913e+01   1.9207391e+01   1.6192708e+01   1.3993044e+01
   5.0000000e+01   5.0000000e+01   5.0000000e+01   5.0000000e+01   5.0000000e+01   4.9371213e+01   5.0000000e+01   4.0575397e+01   2.4456140e+01   1.7117415e+01   1.3733486e+01
   4.9232633e+01   4.8181988e+01   5.0000000e+01   4.7949064e+01   4.9218941e+01   5.0000000e+01   4.9200876e+01   5.0000000e+01   3.0809725e+01   2.1396394e+01   1.5461548e+01
   4.8874089e+01   4.8629751e+01   4.8328783e+01   5.0000000e+01   4.8422682e+01   5.0000000e+01   4.9086618e+01   4.8540522e+01   3.8467384e+01   2.2720656e+01   1.8190919e+01
   4.8409969e+01   4.9927424e+01   4.8354000e+01   4.7042216e+01   5.0000000e+01   4.9444711e+01   5.0000000e+01   5.0000000e+01   4.9542300e+01   3.1427837e+01   2.1757805e+01
   5.0000000e+01   4.8316763e+01   5.0000000e+01   4.9394132e+01   4.8295272e+01   4.9784521e+01   4.8268879e+01   5.0000000e+01   4.9308171e+01   5.0000000e+01   2.8807287e+01
   4.9595408e+01   4.9032631e+01   4.9159050e+01   4.9993750e+01   5.0000000e+01   5.0000000e+01   5.0000000e+01   4.9727177e+01   5.0000000e+01   4.9069979e+01   5.0000000e+01
   5.0000000e+01   5.0000000e+01   5.0000000e+01   5.0000000e+01   4.9898387e+01   4.9852883e+01   5.0000000e+01   5.0000000e+01   4.7457100e+01   4.8776638e+01   5.0000000e+01
   4.9824652e+01   4.9647080e+01   5.0000000e+01   4.9884825e+01   4.9890987e+01   4.8064919e+01   5.0000000e+01   5.0000000e+01   5.0000000e+01   5.0000000e+01   4.9282720e+01
   5.0000000e+01   4.9149425e+01   5.0000000e+01   5.0000000e+01   5.0000000e+01   4.9034723e+01   5.0000000e+01   5.0000000e+01   5.0000000e+01   4.9364395e+01   4.9442949e+01
   4.9251705e+01   5.0000000e+01   5.0000000e+01   4.9220249e+01   5.0000000e+01   5.0000000e+01   4.8892025e+01   4.6676421e+01   4.8358556e+01   4.9233211e+01   4.9074646e+01
   5.0000000e+01   4.9087859e+01   5.0000000e+01   5.0000000e+01   5.0000000e+01   5.0000000e+01   5.0000000e+01   4.8376637e+01   4.3166700e+01   4.8657216e+01   5.0000000e+01
   5.0000000e+01   5.0000000e+01   5.0000000e+01   4.9776448e+01   5.0000000e+01   4.9898674e+01   4.8610026e+01   4.4735008e+01   3.8753878e+01   5.0000000e+01   4.7922788e+01
   3.8743437e+01   4.9675832e+01   5.0000000e+01   5.0000000e+01   4.9018370e+01   4.9374932e+01   4.9885195e+01   4.4980904e+01   4.0734001e+01   3.8701047e+01   4.9822400e+01
   3.5798529e+01   5.0000000e+01   5.0000000e+01   4.7812056e+01   4.9611649e+01   5.0000000e+01   4.9227469e+01   4.6568550e+01   4.0834167e+01   3.7352307e+01   3.9560416e+01
   3.3791996e+01   5.0000000e+01   5.0000000e+01   5.0000000e+01   4.8593950e+01   4.8033909e+01   4.9724721e+01   4.6540140e+01   4.1170479e+01   3.7103835e+01   3.4393213e+01
   3.1298003e+01   4.9476348e+01   5.0000000e+01   4.9674931e+01   5.0000000e+01   5.0000000e+01   4.3635535e+01   4.9680341e+01   4.0546295e+01   3.6902565e+01   3.3348953e+01
   2.9098251e+01   5.0000000e+01   4.9980512e+01   5.0000000e+01   5.0000000e+01   4.9913421e+01   4.2869017e+01   4.7368472e+01   4.2895277e+01   3.4568676e+01   3.4262231e+01
   2.7312065e+01   4.3065352e+01   4.9675617e+01   4.8963680e+01   5.0000000e+01   5.0000000e+01   4.0512903e+01   4.1894275e+01   4.1655019e+01   3.5476036e+01   3.2170918e+01
   2.7958282e+01   4.0018039e+01   5.0000000e+01   4.9991171e+01   4.9358284e+01   5.0000000e+01   4.1524364e+01   3.6354514e+01   4.1567612e+01   3.8043909e+01   3.0625090e+01
   2.8395820e+01   3.7708445e+01   4.9252676e+01   5.0000000e+01   4.8223177e+01   5.0000000e+01   4.3919323e+01   3.2240943e+01   3.5193389e+01   3.8453328e+01   3.3552518e+01
   2.7653926e+01   3.4793121e+01   4.8988083e+01   4.9863777e+01   4.9584843e+01   4.9896861e+01   4.7208343e+01   3.2057826e+01   3.2568465e+01   3.7891878e+01   3.3094402e+01
   2.6377490e+01   3.4370642e+01   4.9510262e+01   5.0000000e+01   5.0000000e+01   4.8892995e+01   5.0000000e+01   3.5536621e+01   2.7198555e+01   3.0426555e+01   3.3680833e+01
   2.5202469e+01   3.0545592e+01   5.0000000e+01   5.0000000e+01   4.9560563e+01   4.8756448e+01   5.0000000e+01   3.6753955e+01   2.8162901e+01   2.6563342e+01   3.0941416e+01
   2.5124599e+01   5.0000000e+01   4.9100750e+01   4.9850785e+01   5.0000000e+01   5.0000000e+01   4.9202401e+01   3.8213181e+01   2.9857082e+01   2.3433247e+01   2.5399422e+01
   2.4343855e+01   4.9459778e+01   5.0000000e+01   4.9394389e+01   5.0000000e+01   4.9553734e+01   4.8847825e+01   4.3526016e+01   5.0000000e+01   2.4126788e+01   2.0968189e+01
   2.3271395e+01   4.7079755e+01   5.0000000e+01   5.0000000e+01   4.9087001e+01   5.0000000e+01   4.9992135e+01   4.7043216e+01   3.1380342e+01   2.4811586e+01   2.1105064e+01
   2.2625348e+01   4.5774416e+01   5.0000000e+01   4.9976505e+01   5.0000000e+01   5.0000000e+01   4.8740732e+01   5.0000000e+01   3.4169228e+01   2.6190464e+01   2.1703432e+01
   3.9537846e+01   4.3368030e+01   5.0000000e+01   5.0000000e+01   5.0000000e+01   4.9471468e+01   4.9360786e+01   4.9507652e+01   3.9570890e+01   2.9840158e+01   2.2739421e+01
   3.6633681e+01   4.3681800e+01   4.9066898e+01   5.0000000e+01   4.9318949e+01   5.0000000e+01   5.0000000e+01   5.0000000e+01   4.1451836e+01   3.0346177e+01   2.3180661e+01
   3.2597809e+01   4.0283550e+01   4.9142002e+01   4.9622788e+01   4.9909426e+01   5.0000000e+01   5.0000000e+01   5.0000000e+01   5.0000000e+01   3.2804076e+01   2.5411292e+01
   3.3921902e+01   3.7024088e+01   4.9684750e+01   5.0000000e+01   4.8466313e+01   4.9716787e+01   5.0000000e+01   5.0000000e+01   5.0000000e+01   3.5495430e+01   2.8191351e+01
   3.1303026e+01   3.6213476e+01   4.8619529e+01   4.9137612e+01   5.0000000e+01   4.8971677e+01   5.0000000e+01   4.9799379e+01   4.8950558e+01   4.1762817e+01   3.0318896e+01
   3.2367026e+01   3.5639409e+01   5.0000000e+01   4.9969157e+01   5.0000000e+01   5.0000000e+01   4.9423138e+01   4.9379978e+01   5.0000000e+01   5.0000000e+01   3.2544058e+01
   2.9407903e+01   3.5546669e+01   5.0000000e+01   5.0000000e+01   4.8541042e+01   4.9046867e+01   5.0000000e+01   5.0000000e+01   4.9946298e+01   5.0000000e+01   3.4777942e+01
   2.7999004e+01   3.1193514e+01   4.9214414e+01   5.0000000e+01   5.0000000e+01   4.9653976e+01   4.8352857e+01   5.0000000e+01   4.9209792e+01   4.9619866e+01   4.9241834e+01
   2.8718533e+01   3.1096874e+01   4.9555424e+01   5.0000000e+01   5.0000000e+01   4.8294816e+01   5.0000000e+01   5.0000000e+01   5.0000000e+01   5.0000000e+01   4.7652329e+01
   2.5282395e+01   3.0834823e+01   4.9544310e+01   5.0000000e+01   4.7868058e+01   5.0000000e+01   5.0000000e+01   5.0000000e+01   5.0000000e+01   4.9660447e+01   4.9165679e+01
   2.5980028e+01   2.7919997e+01   5.0000000e+01   4.8606659e+01   4.8446895e+01   5.0000000e+01   4.9666315e+01   5.0000000e+01   5.0000000e+01   4.8795901e+01   5.0000000e+01
   2.4355567e+01   5.0000000e+01   5.0000000e+01   4.9873736e+01   4.9289299e+01   5.0000000e+01   5.0000000e+01   5.0000000e+01   4.9792863e+01   5.0000000e+01   5.0000000e+01
   2.4925195e+01   4.5890205e+01   5.0000000e+01   5.0000000e+01   4.9347431e+01   4.9837214e+01   4.8929520e+01   4.9551700e+01   5.0000000e+01   4.9227541e+01   4.9421521e+01
   2.2080761e+01   4.2216064e+01   5.0000000e+01   4.9294763e+01   4.9862268e+01   5.0000000e+01   5.0000000e+01   5.0000000e+01   5.0000000e+01   5.0000000e+01   5.0000000e+01
   3.8450919e+01   4.3559465e+01   4.6991862e+01   5.0000000e+01   5.0000000e+01   4.8154902e+01   4.8726241e+01   5.0000000e+01   5.0000000e+01   4.8934358e+01   5.0000000e+01
   3.8142880e+01   4.1252435e+01   4.9622754e+01   5.0000000e+01   5.0000000e+01   5.0000000e+01   4.9284934e+01   5.0000000e+01   5.0000000e+01   5.0000000e+01   4.8937370e+01
   3.7720654e+01   4.3262945e+01   4.8638724e+01   5.0000000e+01   4.8386816e+01   5.0000000e+01   4.8707123e+01   4.9761257e+01   4.9672345e+01   5.0000000e+01   5.0000000e+01
   3.7034778e+01   4.2106528e+01   4.8820251e+01   5.0000000e+01   4.7855111e+01   4.9826938e+01   4.8797230e+01   4.9685669e+01   4.9727943e+01   5.0000000e+01   4.9385055e+01
   3.6943244e+01   4.0301569e+01   4.3634828e+01   5.0000000e+01   5.0000000e+01   5.0000000e+01   5.0000000e+01   4.9016503e+01   4.7752896e+01   5.0000000e+01   5.0000000e+01
   3.7096205e+01   4.2727195e+01   4.7247302e+01   4.9851574e+01   4.7253676e+01   5.0000000e+01   5.0000000e+01   5.0000000e+01   4.6227738e+01   4.7134669e+01   5.0000000e+01
   3.6353367e+01   4.1235438e+01   4.6870581e+01   4.7856304e+01   4.2115820e+01   5.0000000e+01   5.0000000e+01   4.9023853e+01   4.2176593e+01   4.6300526e+01   4.9981719e+01
   3.5937399e+01   4.1915454e+01   4.6105482e+01   4.1565168e+01   3.7684427e+01   5.0000000e+01   4.6549933e+01   4.8731365e+01   4.2354944e+01   4.1610584e+01   4.6294952e+01
   3.5131730e+01   4.1059285e+01   4.2817235e+01   3.8151660e+01   3.7948848e+01   4.9887406e+01   5.0000000e+01   4.8973990e+01   4.2980007e+01   4.0457460e+01   4.2345622e+01
   3.5931206e+01   4.1497093e+01   3.7567632e+01   3.4380411e+01   3.7427555e+01   4.9297487e+01   5.0000000e+01   4.9856175e+01   4.0470980e+01   3.5832347e+01   4.1501167e+01
   3.4174655e+01   3.7363517e+01   3.3073945e+01   2.7775708e+01   4.1204761e+01   5.0000000e+01   5.0000000e+01   4.9049730e+01   3.8149914e+01   3.5717940e+01   3.8230762e+01
   3.8011075e+01   3.3480094e+01   2.9870517e+01   2.8070438e+01   4.3274062e+01   5.0000000e+01   4.9599555e+01   4.8380151e+01   3.6238276e+01   3.0963550e+01   3.3764308e+01
   3.4191136e+01   2.8300253e+01   2.4946035e+01   2.7206597e+01   4.1949503e+01   5.0000000e+01   5.0000000e+01   4.9033641e+01   3.5051062e+01   2.8293261e+01   3.2229560e+01
   2.5698812e+01   2.4071372e+01   1.9996408e+01   2.9522817e+01   4.7604525e+01   4.8975463e+01   4.8820425e+01   5.0000000e+01   3.5848335e+01   2.5415717e+01   2.7105349e+01
   2.2029113e+01   1.9033614e+01   2.1876954e+01   2.7305143e+01   5.0000000e+01   4.9363931e+01   5.0000000e+01   5.0000000e+01   3.4084683e+01   2.5278218e+01   2.1335182e+01
   1.7366813e+01   1.7946489e+01   2.0834632e+01   3.0284796e+01   4.9825253e+01   5.0000000e+01   5.0000000e+01   5.0000000e+01   3.5093723e+01   2.5948717e+01   1.9148805e+01
   1.5550250e+01   1.8424467e+01   2.1215492e+01   3.2405264e+01   4.9805861e+01   5.0000000e+01   4.9811419e+01   5.0000000e+01   3.2093966e+01   2.3820916e+01   1.8459093e+01
   1.3862380e+01   1.8668694e+01   2.3306717e+01   3.3563991e+01   5.0000000e+01   5.0000000e+01   5.0000000e+01   5.0000000e+01   3.1058215e+01   2.3800102e+01   2.0622584e+01
   1.5364392e+01   1.8614975e+01   2.3825131e+01   5.0000000e+01   4.9047255e+01   4.9192078e+01   5.0000000e+01   5.0000000e+01   4.8098993e+01   2.3974341e+01   2.0714443e+01
   1.4197979e+01   2.0052793e+01   2.2660517e+01   3.8295178e+01   4.6174514e+01   4.4609663e+01   5.0000000e+01   5.0000000e+01   5.0000000e+01   2.2938568e+01   1.8534960e+01
   1.8109594e+01   2.0441682e+01   2.6228914e+01   3.5046201e+01   4.2267079e+01   4.1726122e+01   5.0000000e+01   5.0000000e+01   4.9773482e+01   2.1542596e+01   1.8828887e+01
   1.3297947e+01   2.0644380e+01   2.6935614e+01   3.9743045e+01   3.8988620e+01   3.7449956e+01   4.9353336e+01   4.9393097e+01   4.8990690e+01   5.0000000e+01   1.6419048e+01
   1.9003729e+01   1.9348328e+01   2.7770319e+01   3.6482362e+01   3.3453984e+01   3.5808747e+01   5.0000000e+01   4.9385191e+01   5.0000000e+01   5.0000000e+01   1.6779553e+01
   1.8322611e+01   2.5568009e+01   3.1369276e+01   3.2624433e+01   3.2100518e+01   3.1724256e+01   5.0000000e+01   4.8943219e+01   5.0000000e+01   4.9953092e+01   4.9029097e+01
   1.8230718e+01   2.2840737e+01   3.0427547e+01   2.7733157e+01   2.8632696e+01   2.9463016e+01   5.0000000e+01   5.0000000e+01   4.9573402e+01   5.0000000e+01   5.0000000e+01
   1.7059037e+01   2.4776382e+01   2.8212606e+01   2.7408026e+01   2.4706884e+01   2.7684086e+01   5.0000000e+01   4.8437300e+01   4.8861509e+01   5.0000000e+01   4.9719126e+01
   2.2093978e+01   2.6565649e+01   5.0000000e+01   2.3918575e+01   2.2902444e+01   2.4072571e+01   5.0000000e+01   4.9189690e+01   4.9228483e+01   5.0000000e+01   4.9234762e+01
   2.1772597e+01   2.2858438e+01   1.9461945e+01   1.9273117e+01   1.9792956e+01   1.9663202e+01   4.8340467e+01   5.0000000e+01   4.9980028e+01   5.0000000e+01   4.8704617e+01
   2.0453504e+01   1.9159175e+01   1.7066960e+01   1.5777271e+01   1.6791270e+01   1.7572339e+01   4.8571838e+01   5.0000000e+01   5.0000000e+01   5.0000000e+01   4.9195153e+01
   2.0358821e+01   1.6745547e+01   1.6420930e+01   1.5794805e+01   1.5986182e+01   1.4315888e+01   4.6603173e+01   4.9832029e+01   5.0000000e+01   4.9012954e+01   4.7682747e+01
   1.5713765e+01   1.5098303e+01   1.5064628e+01   1.2649728e+01   1.3995512e+01   4.0207189e+01   4.4290456e+01   4.6038689e+01   4.8145034e+01   5.0000000e+01   4.7792096e+01
   1.1272085e+01   1.0479492e+01   9.7652229e+00   1.0701122e+01   1.0952267e+01   8.9787005e+00   4.2421057e+01   4.6720770e+01   5.0000000e+01   4.8460935e+01   4.5734007e+01
   1.0420896e+01   9.7881709e+00   9.9568737e+00   8.2134114e+00   7.0844392e+00   3.8637144e+01   4.2530545e+01   4.5849816e+01   5.0000000e+01   4.4936983e+01   4.3519250e+01
   8.3210577e+00   8.3174022e+00   6.5045085e+00   6.4509024e+00   3.5391227e+01   3.7803739e+01   4.2645605e+01   4.8602320e+01   4.7419196e+01   4.4087619e+01   4.1428268e+01
   5.7854143e+00   6.4904658e+00   5.9392971e+00   8.0474949e+00   3.5407431e+01   3.6355046e+01   4.2702984e+01   4.7649639e+01   4.5464341e+01   4.1738831e+01   3.8890764e+01
   2.9987979e+00   5.1609699e+00   5.0009356e+00   3.3361907e+01   3.2683020e+01   3.8828402e+01   4.3056338e+01   4.5983776e+01   4.1813306e+01   3.7569148e+01   3.7174265e+01
   4.4779260e+00   3.0982746e+01   3.1627268e+01   3.1696314e+01   3.4951480e+01   4.1181810e+01   4.5737768e+01   4.3149045e+01   3.8478900e+01   3.6521643e+01   3.5324631e+01
   2.9777510e+01   2.8611076e+01   3.0901612e+01   3.1956595e+01   3.5887543e+01   4.2048765e+01   4.3274650e+01   3.9657860e+01   3.5644995e+01   3.7208345e+01   3.5089368e+01
   2.9115979e+01   2.9799245e+01   3.2218817e+01   3.5255919e+01   4.0480771e+01   4.6251364e+01   4.0420765e+01   3.6957038e+01   3.5755012e+01   3.4293543e+01   3.3193963e+01
   2.8341233e+01   2.9061738e+01   3.3392889e+01   3.5968899e+01   4.1061400e+01   3.8470283e+01   3.6813502e+01   3.3151971e+01   3.3713052e+01   3.3491918e+01   4.8882993e+01
   2.9201132e+01   3.2118412e+01   3.6039736e+01   4.0860588e+01   3.9579298e+01   3.4427793e+01   3.2802438e+01   3.2128118e+01   3.2511813e+01   5.0000000e+01   4.7757428e+01
   2.8624069e+01   3.1929245e+01   3.9249475e+01   3.6448597e+01   3.4721793e+01   3.2983805e+01   3.4156844e+01   3.1122438e+01   3.2175151e+01   5.0000000e+01   5.0000000e+01
   3.2896423e+01   3.6539371e+01   3.5247059e+01   3.2653079e+01   3.1788555e+01   3.0440749e+01   2.9298212e+01   2.9974545e+01   5.0000000e+01   5.0000000e+01   5.0000000e+01
   3.5389818e+01   3.8256410e+01   3.2360738e+01   3.0473755e+01   2.9899620e+01   2.7191343e+01   3.0398129e+01   4.8774263e+01   5.0000000e+01   5.0000000e+01   4.9423639e+01
   3.7503211e+01   3.2218572e+01   3.2481766e+01   2.7709501e+01   2.8434608e+01   2.7350063e+01   2.8294692e+01   5.0000000e+01   5.0000000e+01   5.0000000e+01   4.8389990e+01
   3.2787966e+01   2.9747865e+01   2.5944807e+01   2.5575274e+01   2.4891072e+01   2.5148085e+01   4.8091209e+01   4.9186844e+01   5.0000000e+01   5.0000000e+01   5.0000000e+01
   2.9988672e+01   2.7062919e+01   2.6266000e+01   2.3502107e+01   2.5234733e+01   2.5757196e+01   4.8617318e+01   4.9467745e+01   5.0000000e+01   5.0000000e+01   4.9453595e+01
   2.7335716e+01   2.6943883e+01   2.4629734e+01   2.4165995e+01   2.3505128e+01   4.5609232e+01   4.7503670e+01   5.0000000e+01   4.9684294e+01   5.0000000e+01   2.7926643e+01
   2.2979952e+01   2.3315608e+01   2.2388677e+01   2.1042729e+01   2.4456911e+01   4.6025043e+01   4.7958706e+01   5.0000000e+01   5.0000000e+01   5.0000000e+01   2.8478536e+01
   2.1814552e+01   2.0615394e+01   2.0848749e+01   1.9930339e+01   2.1949126e+01   4.3702418e+01   4.7246444e+01   4.8824411e+01   4.8699561e+01   4.9766163e+01   2.5568462e+01
   2.1377947e+01   1.9142694e+01   1.7957531e+01   2.1437575e+01   4.1047902e+01   4.3690306e+01   4.7206894e+01   4.9745546e+01   4.9962586e+01   5.0000000e+01   2.5849575e+01
   1.9678619e+01   5.0000000e+01   1.7371138e+01   1.7859687e+01   3.9330191e+01   4.2555360e+01   4.6752458e+01   5.0000000e+01   5.0000000e+01   5.0000000e+01   2.1800396e+01
   1.5819674e+01   1.8410816e+01   1.5255727e+01   1.7251780e+01   3.8757289e+01   4.2361514e+01   4.6506910e+01   4.8788426e+01   5.0000000e+01   4.8111210e+01   5.0000000e+01
   1.5550393e+01   1.4138859e+01   1.6482266e+01   3.5469296e+01   3.7776927e+01   4.0215139e+01   4.3427443e+01   4.9730952e+01   4.9490694e+01   5.0000000e+01   5.0000000e+01
   1.5141381e+01   1.2131902e+01   1.3576475e+01   3.3943771e+01   3.5054520e+01   3.8440473e+01   4.2849270e+01   5.0000000e+01   5.0000000e+01   5.0000000e+01   5.0000000e+01
   1.2301483e+01   1.2017033e+01   3.3548115e+01   3.3305417e+01   3.4728747e+01   3.8892369e+01   4.4726927e+01   5.0000000e+01   5.0000000e+01   4.9445705e+01   5.0000000e+01
   9.1288134e+00   2.9860166e+01   3.1111675e+01   3.4370987e+01   3.4773867e+01   3.6998610e+01   4.2627491e+01   4.9544066e+01   5.0000000e+01   4.9259081e+01   4.8853568e+01
   1.7224503e+01   2.8301506e+01   2.8238578e+01   3.1195619e+01   3.3063575e+01   3.7689181e+01   4.2845892e+01   4.9970177e+01   5.0000000e+01   5.0000000e+01   5.0000000e+01
   2.4795242e+01   2.5470264e+01   5.0000000e+01   2.9126746e+01   3.2488190e+01   3.5337499e+01   4.1620810e+01   4.9964266e+01   5.0000000e+01   5.0000000e+01   5.0000000e+01
   2.5515387e+01   2.3142713e+01   2.6468312e+01   2.9313606e+01   3.2572148e+01   3.6044399e+01   4.3539026e+01   5.0000000e+01   4.9435337e+01   4.9351517e+01   4.7977010e+01
   2.4157674e+01   2.4201443e+01   2.4576017e+01   2.7796461e+01   3.0947972e+01   3.6059784e+01   4.3813593e+01   4.9723120e+01   4.9227902e+01   4.8441561e+01   5.0000000e+01
   2.3862853e+01   2.0719626e+01   2.5461121e+01   2.7498070e+01   3.2486861e+01   3.7416919e+01   4.6368721e+01   5.0000000e+01   4.5704143e+01   4.9646507e+01   4.8539930e+01
   2.2107618e+01   2.0809394e+01   2.4907799e+01   2.8579098e+01   3.2387331e+01   3.8674858e+01   4.9637635e+01   4.5455729e+01   4.5652672e+01   4.9706834e+01   4.8647790e+01
   2.0805312e+01   2.1490855e+01   2.5251812e+01   2.6776917e+01   3.5510660e+01   4.1265598e+01   4.5384340e+01   4.6184569e+01   4.3413907e+01   5.0000000e+01   4.9275373e+01
   2.1135973e+01   2.2391813e+01   2.4620556e+01   2.7681677e+01   3.3375909e+01   4.6994777e+01   4.2350578e+01   4.3337250e+01   5.0000000e+01   5.0000000e+01   4.9715370e+01
   2.1737531e+01   2.4522937e+01   2.5738550e+01   3.0602686e+01   4.0708213e+01   4.0887802e+01   4.1619154e+01   4.0298013e+01   5.0000000e+01   5.0000000e+01   2.8648260e+01
   1.9888987e+01   2.6460474e+01   2.7961906e+01   3.5489832e+01   4.1693081e+01   3.8574850e+01   3.8340741e+01   5.0000000e+01   5.0000000e+01   5.0000000e+01   2.3817890e+01
   2.3139844e+01   2.7232268e+01   3.3494785e+01   3.8937979e+01   3.8073507e+01   3.7131305e+01   3.6594777e+01   5.0000000e+01   4.9432108e+01   2.4870413e+01   2.1422690e+01
   2.8230843e+01   3.1732547e+01   3.9174652e+01   3.6285868e+01   3.6864726e+01   3.5125451e+01   4.9740370e+01   5.0000000e+01   5.0000000e+01   2.2459366e+01   1.7162234e+01
   2.7846745e+01   3.5077336e+01   3.4059341e+01   3.2869096e+01   3.4896368e+01   4.9642097e+01   5.0000000e+01   4.9401215e+01   2.2086600e+01   2.0351580e+01   1.5763707e+01
   3.6261274e+01   3.4408624e+01   3.3382911e+01   3.0190588e+01   5.0000000e+01   5.0000000e+01   5.0000000e+01   5.0000000e+01   1.7859856e+01   1.6220827e+01   1.4097834e+01
   3.2169958e+01   3.2085984e+01   3.1187298e+01   4.9597209e+01   4.9162328e+01   4.7656259e+01   4.8816511e+01   1.9795415e+01   1.6148661e+01   1.4702278e+01   1.3237450e+01
   3.1147829e+01   2.9260218e+01   2.8286618e+01   5.0000000e+01   4.8904639e+01   5.0000000e+01   5.0000000e+01   1.8526073e+01   1.4192370e+01   1.3967566e+01   1.3789804e+01
   2.8801622e+01   2.7944971e+01   5.0000000e+01   5.0000000e+01   4.8238142e+01   4.9534837e+01   5.0000000e+01   1.5763747e+01   1.3394382e+01   1.0946468e+01   1.1639432e+01
   2.7005857e+01   2.5691958e+01   5.0000000e+01   4.9728020e+01   4.9140584e+01   5.0000000e+01   5.0000000e+01   1.2265627e+01   1.2790464e+01   8.6358486e+00   1.1230681e+01
   2.6487910e+01   4.9117718e+01   4.9149045e+01   4.8895461e+01   4.8757174e+01   4.8434253e+01   1.1359392e+01   1.1377624e+01   9.1797853e+00   8.9347240e+00   9.5892522e+00
   3.0208917e+01   5.0000000e+01   5.0000000e+01   4.9348773e+01   5.0000000e+01   4.9504320e+01   1.0140612e+01   9.1248634e+00   1.0579445e+01   5.9824660e+00   7.7367521e+00
   4.7494719e+01   5.0000000e+01   5.0000000e+01   5.0000000e+01   5.0000000e+01   4.9635813e+01   8.0421565e+00   8.8882316e+00   7.5597490e+00   6.9398517e+00   6.2844778e+00
   4.9873852e+01   4.8516206e+01   4.8950689e+01   5.0000000e+01   5.0000000e+01   4.9629325e+01   4.9950741e+01   7.1212453e+00   4.0144933e+00   4.2683970e+00   3.9362206e+00
   4.9594226e+01   5.0000000e+01   5.0000000e+01   5.0000000e+01   5.0000000e+01   5.0000000e+01   4.7590147e+01   3.0629549e+00   3.7511442e+00   4.8583097e+00   5.0000000e+01
   4.7641721e+01   5.0000000e+01   5.0000000e+01   4.9249338e+01   5.0000000e+01   5.0000000e+01   5.0000000e+01   4.9675770e+01   5.0000000e+01   5.0000000e+01   5.0000000e+01
   4.4081364e+01   4.9790732e+01   4.8435836e+01   4.8517437e+01   5.0000000e+01   5.0000000e+01   5.0000000e+01   4.9486762e+01   4.9317864e+01   5.0000000e+01   4.8534567e+01
   4.1916730e+01   5.0000000e+01   5.0000000e+01   5.0000000e+01   5.0000000e+01   5.0000000e+01   4.9489409e+01   5.0000000e+01   4.8424457e+01   5.0000000e+01   4.9145323e+01
   4.0168693e+01   4.9615565e+01   4.8724505e+01   4.9488363e+01   4.8475956e+01   5.0000000e+01   5.0000000e+01   4.9395698e+01   5.0000000e+01   5.0000000e+01   4.9422559e+01
   3.6971024e+01   5.0000000e+01   4.8958325e+01   4.8654808e+01   5.0000000e+01   5.0000000e+01   5.0000000e+01   4.9078880e+01   4.9964261e+01   5.0000000e+01   4.9836014e+01
   3.7500936e+01   5.0000000e+01   4.9573804e+01   4.9760845e+01   4.9793451e+01   4.9963717e+01   5.0000000e+01   4.8028579e+01   5.0000000e+01   4.8419229e+01   4.8112614e+01
   3.6267173e+01   5.0000000e+01   5.0000000e+01   5.0000000e+01   5.0000000e+01   5.0000000e+01   4.9824912e+01   4.9933188e+01   5.0000000e+01   5.0000000e+01   5.0000000e+01
   3.8358265e+01   4.8919556e+01   4.9792730e+01   5.0000000e+01   5.0000000e+01   4.9078975e+01   5.0000000e+01   4.9302277e+01   5.0000000e+01   5.0000000e+01   4.9665410e+01
   3.6454362e+01   5.0000000e+01   4.9775147e+01   4.9167389e+01   5.0000000e+01   4.9238565e+01   5.0000000e+01   4.4938133e+01   5.0000000e+01   4.9776668e+01   5.0000000e+01
   3.4721413e+01   5.0000000e+01   5.0000000e+01   5.0000000e+01   5.0000000e+01   4.8709442e+01   5.0000000e+01   4.5262000e+01   5.0000000e+01   5.0000000e+01   4.9378506e+01
   3.3426000e+01   5.0000000e+01   5.0000000e+01   5.0000000e+01   4.9197064e+01   4.8006012e+01   4.9515757e+01   5.0000000e+01   4.3362878e+01   5.0000000e+01   5.0000000e+01
   3.2138202e+01   4.7371375e+01   4.9212382e+01   5.0000000e+01   5.0000000e+01   4.9504745e+01   5.0000000e+01   5.0000000e+01   4.2353391e+01   4.5795802e+01   4.9716567e+01
   3.2450489e+01   4.4113007e+01   4.9556944e+01   4.9241981e+01   5.0000000e+01   5.0000000e+01   5.0000000e+01   5.0000000e+01   4.2169329e+01   4.0121153e+01   4.7710496e+01
   3.1150075e+01   4.3793869e+01   5.0000000e+01   5.0000000e+01   4.9107722e+01   4.8498197e+01   5.0000000e+01   4.9254803e+01   4.4338335e+01   3.8027053e+01   4.2298442e+01
   3.0782673e+01   4.2958405e+01   5.0000000e+01   5.0000000e+01   5.0000000e+01   4.9774107e+01   5.0000000e+01   5.0000000e+01   4.3058325e+01   3.8203915e+01   3.6163673e+01
   2.8436270e+01   3.7619338e+01   4.9551641e+01   5.0000000e+01   5.0000000e+01   5.0000000e+01   4.8375358e+01   5.0000000e+01   4.5616393e+01   3.8423699e+01   3.1579625e+01
   3.0973273e+01   3.9132883e+01   4.9386470e+01   5.0000000e+01   4.9737253e+01   4.9096487e+01   4.6058386e+01   4.5468740e+01   4.4972149e+01   3.8880945e+01   3.2719483e+01
   2.7796007e+01   3.6586387e+01   5.0000000e+01   4.8553241e+01   4.9243002e+01   5.0000000e+01   4.9276831e+01   4.0539590e+01   4.6627766e+01   3.7722237e+01   3.2960534e+01
   2.9157515e+01   3.4950361e+01   5.0000000e+01   4.9007642e+01   4.9897532e+01   4.9567313e+01   5.0000000e+01   3.7314971e+01   4.0697948e+01   3.8738533e+01   3.3668439e+01
   2.9067399e+01   3.6093614e+01   5.0000000e+01   5.0000000e+01   5.0000000e+01   4.8960300e+01   5.0000000e+01   3.4867282e+01   3.8076729e+01   4.0439619e+01   3.3663334e+01
   2.9773626e+01   3.5009419e+01   5.0000000e+01   5.0000000e+01   4.9088364e+01   5.0000000e+01   5.0000000e+01   3.3882052e+01   3.5668284e+01   3.5998155e+01   3.3404807e+01
   2.9204119e+01   3.6143368e+01   4.9142656e+01   4.8551708e+01   4.9104142e+01   5.0000000e+01   5.0000000e+01   3.4925833e+01   3.1108356e+01   3.3269133e+01   3.4198193e+01
   2.8108704e+01   3.4037010e+01   4.9123673e+01   4.9066330e+01   5.0000000e+01   4.9441324e+01   5.0000000e+01   3.7090085e+01   2.5770309e+01   3.0562623e+01   3.4218464e+01
   2.5759734e+01   3.5510710e+01   5.0000000e+01   4.9511795e+01   5.0000000e+01   4.9797493e+01   4.9353561e+01   3.8637311e+01   2.5859814e+01   2.2861688e+01   2.7166875e+01
   2.9882226e+01   4.9929673e+01   4.8727939e+01   4.8627546e+01   5.0000000e+01   5.0000000e+01   5.0000000e+01   5.0000000e+01   2.8556570e+01   2.2996588e+01   2.3932471e+01
   2.7884320e+01   4.9445651e+01   5.0000000e+01   4.8346793e+01   5.0000000e+01   4.9061108e+01   5.0000000e+01   5.0000000e+01   2.9175342e+01   2.0426459e+01   1.6511194e+01
   4.2593656e+01   4.9301118e+01   5.0000000e+01   4.9075559e+01   4.7743620e+01   5.0000000e+01   5.0000000e+01   5.0000000e+01   2.9150310e+01   2.2067934e+01   1.7972926e+01
   4.3587460e+01   5.0000000e+01   4.8283759e+01   4.8948025e+01   4.9571087e+01   5.0000000e+01   4.9292108e+01   4.9451104e+01   5.0000000e+01   2.1832019e+01   1.7204962e+01
   4.3722442e+01   5.0000000e+01   5.0000000e+01   4.7478275e+01   5.0000000e+01   5.0000000e+01   4.9735394e+01   5.0000000e+01   5.0000000e+01   2.3008974e+01   1.8084242e+01
   4.2692419e+01   4.7913571e+01   5.0000000e+01   4.8957143e+01   5.0000000e+01   5.0000000e+01   5.0000000e+01   4.9895717e+01   5.0000000e+01   4.1639431e+01   1.7657723e+01
   4.4484183e+01   4.9467555e+01   4.8448371e+01   4.9183965e+01   4.9453327e+01   4.8617494e+01   4.9724208e+01   4.9687880e+01   5.0000000e+01   4.2234066e+01   1.7347506e+01
   4.0690858e+01   4.8982538e+01   4.9363528e+01   4.8538183e+01   4.9418937e+01   5.0000000e+01   4.9317486e+01   5.0000000e+01   5.0000000e+01   4.2842652e+01   3.6529452e+01
   4.2289425e+01   5.0000000e+01   4.9697502e+01   5.0000000e+01   4.8598199e+01   5.0000000e+01   5.0000000e+01   4.8474833e+01   4.9502625e+01   4.8241858e+01   3.5789439e+01
   4.1086001e+01   5.0000000e+01   4.9994507e+01   5.0000000e+01   4.7875936e+01   5.0000000e+01   4.8169406e+01   5.0000000e+01   5.0000000e+01   4.8197020e+01   3.5733851e+01
   5.0000000e+01   5.0000000e+01   4.9303417e+01   4.8975123e+01   5.0000000e+01   5.0000000e+01   4.9775100e+01   5.0000000e+01   4.9446505e+01   5.0000000e+01   5.0000000e+01
   4.8893773e+01   5.0000000e+01   4.8773057e+01   4.9595783e+01   5.0000000e+01   4.9514098e+01   5.0000000e+01   5.0000000e+01   5.0000000e+01   4.9582977e+01   4.8438245e+01
   4.9718983e+01   5.0000000e+01   5.0000000e+01   5.0000000e+01   4.9736320e+01   4.9387589e+01   5.0000000e+01   5.0000000e+01   4.8817457e+01   5.0000000e+01   5.0000000e+01
   5.0000000e+01   4.9516717e+01   5.0000000e+01   4.9671949e+01   4.9629476e+01   4.7983633e+01   5.0000000e+01   5.0000000e+01   4.8911480e+01   4.9135442e+01   4.7729416e+01
   4.9903519e+01   5.0000000e+01   5.0000000e+01   4.9482967e+01   5.0000000e+01   5.0000000e+01   5.0000000e+01   4.8631377e+01   4.9027979e+01   5.0000000e+01   4.8528405e+01
   4.9432810e+01   4.9565948e+01   5.0000000e+01   5.0000000e+01   4.9786415e+01   4.9236756e+01   4.9163839e+01   4.8470862e+01   5.0000000e+01   5.0000000e+01   5.0000000e+01
   4.9174657e+01   4.9659912e+01   5.0000000e+01   5.0000000e+01   5.0000000e+01   4.7056342e+01   4.6866027e+01   4.5731821e+01   4.7336104e+01   5.0000000e+01   4.9567509e+01
   4.9421471e+01   4.9339286e+01   5.0000000e+01   4.8283478e+01   5.0000000e+01   4.4312877e+01   4.3375557e+01   4.3680192e+01   4.4465528e+01   4.5507160e+01   5.0000000e+01
   4.8881031e+01   5.0000000e+01   4.9558838e+01   4.9198895e+01   5.0000000e+01   4.0374678e+01   3.9653183e+01   3.8938580e+01   4.1137873e+01   4.2100000e+01   4.7340761e+01
   5.0000000e+01   4.9078750e+01   5.0000000e+01   4.8762539e+01   5.0000000e+01   3.8226629e+01   3.6814232e+01   3.5180040e+01   3.7186304e+01   3.9189219e+01   4.1248661e+01
   4.7895117e+01   5.0000000e+01   5.0000000e+01   4.9900218e+01   5.0000000e+01   4.9088421e+01   3.4190788e+01   3.4520758e+01   3.4328825e+01   3.5112479e+01   3.9656310e+01
   5.0000000e+01   5.0000000e+01   5.0000000e+01   5.0000000e+01   5.0000000e+01   5.0000000e+01   3.3472244e+01   3.1314215e+01   3.1100969e+01   3.2338663e+01   3.5554590e+01
   4.9554053e+01   4.9084022e+01   4.9141309e+01   4.9463510e+01   4.9462726e+01   5.0000000e+01   3.0754433e+01   3.0745711e+01   3.0563604e+01   3.1118657e+01   3.2682296e+01
   5.0000000e+01   4.8089659e+01   5.0000000e+01   5.0000000e+01   5.0000000e+01   4.8548032e+01   4.9601565e+01   2.8208549e+01   2.6015984e+01   2.8610466e+01   2.7789331e+01
   4.9747875e+01   5.0000000e+01   5.0000000e+01   4.9669233e+01   4.9690707e+01   4.8910027e+01   5.0000000e+01   4.6422295e+01   2.4781761e+01   2.7768500e+01   2.5109562e+01
   5.0000000e+01   5.0000000e+01   4.9895857e+01   4.9246527e+01   4.9381230e+01   4.8499283e+01   4.9077215e+01   4.4895978e+01   2.3032455e+01   2.1861093e+01   2.2985061e+01
   4.9875997e+01   4.9851396e+01   5.0000000e+01   4.9740812e+01   5.0000000e+01   4.8867107e+01   4.8451071e+01   4.4812012e+01   4.1863610e+01   2.0677947e+01   2.1675496e+01
   5.0000000e+01   4.9048658e+01   4.9699599e+01   5.0000000e+01   5.0000000e+01   5.0000000e+01   4.8960865e+01   4.2931392e+01   4.1764828e+01   4.0406092e+01   2.0768077e+01
   5.0000000e+01   4.9245264e+01   5.0000000e+01   5.0000000e+01   4.9842467e+01   5.0000000e+01   4.8611560e+01   4.5964116e+01   3.8690365e+01   4.0202024e+01   3.7452623e+01
   5.0000000e+01   4.9708207e+01   4.8084354e+01   4.9130168e+01   5.0000000e+01   4.9185803e+01   4.9101608e+01   4.4765797e+01   3.9191892e+01   3.8077783e+01   3.6111231e+01
   4.7957814e+01   5.0000000e+01   4.9354366e+01   4.9745713e+01   4.9363049e+01   5.0000000e+01   5.0000000e+01   4.3654738e+01   3.9291086e+01   3.6422715e+01   3.5327696e+01
   4.5964057e+01   5.0000000e+01   4.8665903e+01   5.0000000e+01   4.9281568e+01   5.0000000e+01   5.0000000e+01   4.4852977e+01   3.9499010e+01   3.7576887e+01   3.5527528e+01
   3.9316947e+01   4.8487500e+01   4.9748056e+01   4.9391463e+01   5.0000000e+01   4.9109979e+01   5.0000000e+01   4.3797123e+01   3.9383948e+01   3.6983586e+01   3.4969135e+01
   3.6248123e+01   5.0000000e+01   4.8387273e+01   5.0000000e+01   4.8495021e+01   5.0000000e+01   4.7828920e+01   4.4127105e+01   3.8014986e+01   3.4943194e+01   3.3325373e+01
   3.7577520e+01   5.0000000e+01   5.0000000e+01   4.9207799e+01   5.0000000e+01   5.0000000e+01   4.9816023e+01   5.0000000e+01   3.8515222e+01   3.2150216e+01   3.2998467e+01
   3.6084456e+01   5.0000000e+01   5.0000000e+01   5.0000000e+01   5.0000000e+01   5.0000000e+01   5.0000000e+01   4.9581531e+01   4.0619514e+01   3.5211721e+01   3.1901433e+01
   3.5159701e+01   5.0000000e+01   5.0000000e+01   5.0000000e+01   5.0000000e+01   5.0000000e+01   5.0000000e+01   5.0000000e+01   3.9259782e+01   3.6471737e+01   3.2782730e+01
   3.4988328e+01   4.9199637e+01   5.0000000e+01   4.8773815e+01   5.0000000e+01   4.9944494e+01   5.0000000e+01   4.9613214e+01   4.7977330e+01   3.2602929e+01   3.3293001e+01
   3.2189134e+01   4.8721793e+01   4.9143344e+01   5.0000000e+01   4.9230884e+01   5.0000000e+01   4.8276866e+01   4.7650513e+01   5.0000000e+01   3.4331578e+01   3.1410662e+01
   3.2395550e+01   4.4569166e+01   4.8992165e+01   5.0000000e+01   4.8720256e+01   4.9743720e+01   4.9165758e+01   4.7817825e+01   5.0000000e+01   5.0000000e+01   3.0158129e+01
   3.2809798e+01   4.2969349e+01   4.9676430e+01   5.0000000e+01   5.0000000e+01   4.9118080e+01   4.9661930e+01   5.0000000e+01   4.9963379e+01   4.9421814e+01   2.9326230e+01
   3.3117932e+01   5.0000000e+01   5.0000000e+01   5.0000000e+01   4.9647838e+01   5.0000000e+01   5.0000000e+01   4.9064049e+01   4.9049999e+01   4.9373103e+01   4.8344854e+01
   3.2360355e+01   4.9957505e+01   5.0000000e+01   5.0000000e+01   5.0000000e+01   5.0000000e+01   4.8923405e+01   4.8485353e+01   5.0000000e+01   4.9659126e+01   4.7402857e+01
   3.3018972e+01   4.8818471e+01   4.8742652e+01   5.0000000e+01   5.0000000e+01   4.9189178e+01   4.9508840e+01   5.0000000e+01   5.0000000e+01   5.0000000e+01   4.9944729e+01
   3.0504779e+01   5.0000000e+01   5.0000000e+01   5.0000000e+01   4.9455943e+01   5.0000000e+01   5.0000000e+01   4.8917287e+01   4.9676666e+01   5.0000000e+01   4.9403832e+01
   3.2016029e+01   4.9752832e+01   4.9395099e+01   5.0000000e+01   5.0000000e+01   5.0000000e+01   5.0000000e+01   5.0000000e+01   5.0000000e+01   4.9082605e+01   4.8843298e+01
   3.0965708e+01   5.0000000e+01   5.0000000e+01   5.0000000e+01   5.0000000e+01   4.9602489e+01   4.7758034e+01   4.7848949e+01   4.8445395e+01   5.0000000e+01   4.9347478e+01
   3.0430955e+01   4.9405304e+01   4.9635686e+01   5.0000000e+01   4.7727172e+01   5.0000000e+01   4.9461590e+01   5.0000000e+01   4.9902476e+01   4.9610811e+01   5.0000000e+01
   4.7551647e+01   4.8653722e+01   5.0000000e+01   4.9235226e+01   4.9847958e+01   5.0000000e+01   5.0000000e+01   4.9282147e+01   5.0000000e+01   4.9779570e+01   4.7873880e+01
   4.6316454e+01   5.0000000e+01   5.0000000e+01   5.0000000e+01   4.9259533e+01   4.9945419e+01   4.9871613e+01   5.0000000e+01   4.9875023e+01   5.0000000e+01   5.0000000e+01
   4.7146659e+01   4.9298158e+01   5.0000000e+01   4.8558589e+01   5.0000000e+01   5.0000000e+01   5.0000000e+01   5.0000000e+01   5.0000000e+01   4.9908765e+01   4.9688264e+01
   4.9082424e+01   5.0000000e+01   4.9012783e+01   4.9421306e+01   4.8588267e+01   5.0000000e+01   5.0000000e+01   5.0000000e+01   5.0000000e+01   4.6063569e+01   4.9308486e+01
   4.9752300e+01   5.0000000e+01   5.0000000e+01   4.8994127e+01   4.9882374e+01   5.0000000e+01   5.0000000e+01   4.8736944e+01   5.0000000e+01   4.4498157e+01   4.8614692e+01
   5.0000000e+01   5.0000000e+01   5.0000000e+01   4.9178839e+01   5.0000000e+01   4.8143535e+01   4.8818647e+01   5.0000000e+01   5.0000000e+01   4.4899007e+01   4.4835921e+01
   4.9263846e+01   5.0000000e+01   4.8739767e+01   5.0000000e+01   4.9944421e+01   5.0000000e+01   4.9537536e+01   4.8765746e+01   4.9200777e+01   4.7629603e+01   3.9532304e+01
   4.8839089e+01   4.8458262e+01   4.8754274e+01   5.0000000e+01   5.0000000e+01   4.9532650e+01   4.8956088e+01   5.0000000e+01   5.0000000e+01   4.8548053e+01   3.8037109e+01
   5.0000000e+01   4.8539000e+01   4.9617124e+01   4.7936188e+01   5.0000000e+01   4.9516964e+01   5.0000000e+01   5.0000000e+01   5.0000000e+01   4.8864749e+01   3.9047824e+01
   5.0000000e+01   4.9948842e+01   4.9339198e+01   5.0000000e+01   5.0000000e+01   4.8843175e+01   5.0000000e+01   4.9735634e+01   4.9704564e+01   4.9916840e+01   4.2805852e+01
   5.0000000e+01   4.9043299e+01   4.9496563e+01   5.0000000e+01   5.0000000e+01   4.8921514e+01   4.9545038e+01   5.0000000e+01   4.9217618e+01   4.9117550e+01   4.3657840e+01
   5.0000000e+01   4.8476638e+01   4.9976006e+01   4.8934898e+01   4.8405204e+01   4.9815702e+01   4.9309004e+01   4.9435151e+01   5.0000000e+01   4.9753914e+01   4.4326830e+01
   5.0000000e+01   5.0000000e+01   5.0000000e+01   5.0000000e+01   4.9695983e+01   5.0000000e+01   4.9258101e+01   5.0000000e+01   4.8780841e+01   4.8119811e+01   4.5136587e+01
   4.9721180e+01   4.9644283e+01   5.0000000e+01   5.0000000e+01   4.8996524e+01   4.9556686e+01   4.9150646e+01   5.0000000e+01   4.6136219e+01   4.9712465e+01   4.6760078e+01
   4.8544501e+01   4.8725604e+01   4.8882363e+01   5.0000000e+01   4.7253848e+01   5.0000000e+01   5.0000000e+01   5.0000000e+01   4.3659416e+01   4.6858593e+01   4.9842869e+01
   5.0000000e+01   5.0000000e+01   5.0000000e+01   4.9178781e+01   4.9571448e+01   5.0000000e+01   5.0000000e+01   5.0000000e+01   4.8177238e+01   4.4371078e+01   4.7374840e+01
   5.0000000e+01   4.8215542e+01   4.9071205e+01   5.0000000e+01   4.8793513e+01   4.9322890e+01   5.0000000e+01   5.0000000e+01   5.0000000e+01   4.2204939e+01   4.2804090e+01
   5.0000000e+01   4.9173990e+01   4.9144968e+01   4.9627466e+01   5.0000000e+01   4.9576724e+01   5.0000000e+01   5.0000000e+01   5.0000000e+01   4.0577862e+01   4.1314577e+01
   4.8814581e+01   5.0000000e+01   4.9025170e+01   4.8765273e+01   4.8624462e+01   5.0000000e+01   5.0000000e+01   5.0000000e+01   5.0000000e+01   3.6751752e+01   4.0609639e+01
   4.9123329e+01   5.0000000e+01   4.8480409e+01   4.9137009e+01   4.9719189e+01   4.9498449e+01   4.9227454e+01   4.9589323e+01   5.0000000e+01   4.4177277e+01   3.8932316e+01
   4.9793751e+01   4.9352591e+01   5.0000000e+01   4.8596304e+01   4.8351452e+01   4.8678023e+01   4.9433924e+01   5.0000000e+01   5.0000000e+01   4.6393359e+01   3.3274935e+01
   4.9007076e+01   4.9182770e+01   4.9824485e+01   4.4962228e+01   5.0000000e+01   5.0000000e+01   4.8367784e+01   4.8787196e+01   5.0000000e+01   5.0000000e+01   3.2322762e+01
   5.0000000e+01   5.0000000e+01   5.0000000e+01   4.3430669e+01   4.9186691e+01   5.0000000e+01   4.9628780e+01   4.9574106e+01   4.8083540e+01   4.8009906e+01   3.4164838e+01
   4.9602167e+01   4.8494961e+01   5.0000000e+01   4.1978293e+01   4.9469514e+01   5.0000000e+01   5.0000000e+01   5.0000000e+01   4.9791360e+01   5.0000000e+01   3.9085611e+01
   5.0000000e+01   5.0000000e+01   4.8573029e+01   4.1548093e+01   4.6520980e+01   4.8435408e+01   5.0000000e+01   4.9857527e+01   4.9827151e+01   5.0000000e+01   4.0115308e+01
   4.8845264e+01   5.0000000e+01   4.6541952e+01   3.9953064e+01   4.3418274e+01   5.0000000e+01   4.8994194e+01   5.0000000e+01   4.9189443e+01   5.0000000e+01   5.0000000e+01
   4.9607110e+01   5.0000000e+01   4.3591904e+01   3.8904865e+01   4.2046718e+01   5.0000000e+01   5.0000000e+01   4.8754738e+01   4.9596484e+01   5.0000000e+01   4.8846921e+01
   4.8844381e+01   5.0000000e+01   4.2556214e+01   3.5015848e+01   3.6894368e+01   4.9069572e+01   4.9520338e+01   5.0000000e+01   5.0000000e+01   4.9880778e+01   5.0000000e+01
   4.8686791e+01   4.9096404e+01   4.1776771e+01   3.4345957e+01   3.6108187e+01   4.8167561e+01   4.7501169e+01   5.0000000e+01   4.8203501e+01   5.0000000e+01   4.8571576e+01
   4.6538734e+01   4.9981294e+01   4.0667788e+01   3.3820238e+01   3.6290234e+01   4.4569233e+01   4.8372685e+01   4.9931174e+01   4.9212407e+01   4.9892264e+01   4.8946052e+01
   4.7263805e+01   4.9237668e+01   3.8614772e+01   3.0064760e+01   3.3185436e+01   4.3550869e+01   5.0000000e+01   5.0000000e+01   4.8103533e+01   4.8762362e+01   5.0000000e+01
   4.8621172e+01   4.8404539e+01   3.4910260e+01   3.0644303e+01   3.1293000e+01   3.9282267e+01   5.0000000e+01   5.0000000e+01   4.9713725e+01   5.0000000e+01   4.9989470e+01
   4.3693374e+01   4.6290890e+01   3.5802055e+01   2.7911610e+01   2.7768765e+01   3.8013324e+01   4.8841387e+01   4.8247490e+01   5.0000000e+01   5.0000000e+01   5.0000000e+01
   4.4188730e+01   4.7745599e+01   3.2879573e+01   2.6389948e+01   2.7235046e+01   3.4194105e+01   4.8169503e+01   4.9827075e+01   5.0000000e+01   4.9899234e+01   4.9413895e+01
   4.2714893e+01   4.4350864e+01   3.1652551e+01   2.5176033e+01   2.6218586e+01   3.2600841e+01   4.0719293e+01   5.0000000e+01   4.9564423e+01   5.0000000e+01   4.9903088e+01
   4.2195707e+01   4.2745695e+01   2.9973160e+01   2.4149768e+01   2.4540380e+01   3.1168062e+01   3.8033749e+01   4.9788869e+01   5.0000000e+01   4.8504535e+01   5.0000000e+01
   3.9842977e+01   4.1130158e+01   2.8123663e+01   2.4712007e+01   2.2928434e+01   2.8393386e+01   3.8331195e+01   5.0000000e+01   4.9555368e+01   4.9816228e+01   4.8678015e+01
   4.0231450e+01   4.3062893e+01   2.7280613e+01   5.0000000e+01   2.3014924e+01   2.6895825e+01   3.4532752e+01   4.9795125e+01   4.8953621e+01   4.6305542e+01   4.7162366e+01
