   0.0000000e+00
   5.8450756e+00
   4.9354738e+00
   6.6877525e+00
   4.3958754e+00
   4.6997727e+00
   4.9341304e+00
   4.5195328e+00
   4.1370358e+00
   2.8407324e+00
   3.5627992e+00
   3.7856474e+00
   2.9934321e+00
   3.4967123e+00
   3.1879392e+00
   2.7810569e+00
   2.9162197e+00
   2.5548003e+00
   3.4593777e+00
   2.4854060e+00
   2.4519193e+00
   2.5408746e+00
   2.7339843e+00
   2.8515980e+00
   2.8646578e+00
   2.9488609e+00
   2.8072664e+00
   2.6755118e+00
   3.1734505e+00
   2.6448046e+00
   2.8574736e+00
   3.1650013e+00
   3.0873231e+00
   2.7158751e+00
   3.0848032e+00
   2.5757764e+00
   3.3124353e+00
   2.7892476e+00
   2.8947483e+00
   2.7919854e+00
   2.5982315e+00
   2.6238493e+00
   2.0104615e+00
   3.0220790e+00
   3.0074196e+00
   2.3993603e+00
   2.3411988e+00
   2.3039251e+00
   2.8115090e+00
   2.3916940e+00
   2.6738350e+00
   2.4504893e+00
   2.1975076e+00
   2.3247161e+00
   2.8203611e+00
   2.5677040e+00
   2.9587057e+00
   2.7937068e+00
   2.5789615e+00
   3.3876473e+00
   2.7176773e+00
   3.1777803e+00
   2.8471240e+00
   4.1613425e+00
   3.9198030e+00
   3.7058099e+00
   3.5280475e+00
   3.1786474e+00
   3.5239294e+00
   2.9877540e+00
   3.7105138e+00
   2.8183607e+00
   3.8858978e+00
   3.5173498e+00
   3.0844403e+00
   3.2265083e+00
   3.3773263e+00
   2.5275652e+00
   2.4831687e+00
   3.0667277e+00
   2.7404485e+00
   2.3474040e+00
   2.4173500e+00
   2.3474905e+00
   1.8532547e+00
   1.3397241e+00
   1.6076144e+00
   1.6918429e+00
   1.3345592e+00
   1.1584900e+00
   1.2327343e+00
   1.0681702e+00
   1.2438294e+00
   1.3256372e+00
   1.1976857e+00
   1.1198923e+00
   1.3322802e+00
   1.3584280e+00
   1.4620015e+00
   1.3913304e+00
   1.6881476e+00
   1.7290723e+00
   1.5552743e+00
   1.7698733e+00
   1.1770155e+00
   2.0490709e+00
   1.9238977e+00
   2.1289859e+00
   1.6899136e+00
   1.9288190e+00
   2.1878999e+00
   1.7666301e+00
   2.1336444e+00
   1.8407648e+00
   2.0021611e+00
   2.0257622e+00
   1.7582651e+00
   1.4545548e+00
   1.8317605e+00
   1.6174762e+00
   1.7917259e+00
   1.7081879e+00
   1.6756387e+00
   1.9047491e+00
   1.9925933e+00
   2.2024034e+00
   2.1148572e+00
   2.0471137e+00
   2.3442000e+00
   2.0531433e+00
   2.6846296e+00
   2.0968573e+00
   2.0622654e+00
   2.2157762e+00
   2.9534881e+00
   2.6001031e+00
   2.4273428e+00
   2.8476246e+00
   2.6958888e+00
   2.8362563e+00
   2.9242288e+00
   2.4531330e+00
   2.6100743e+00
   2.6645678e+00
   3.5785511e+00
   3.3400135e+00
   2.6969182e+00
   2.8099993e+00
   2.8801900e+00
   3.0346617e+00
   2.7145711e+00
   3.0343438e+00
   3.2911153e+00
   3.5122051e+00
   3.2771151e+00
   2.5284788e+00
   3.1782483e+00
   3.1565126e+00
   3.0337792e+00
   3.2148997e+00
   3.4616785e+00
   3.4493651e+00
   2.6179783e+00
   3.1281185e+00
   2.9914866e+00
   3.1570191e+00
   3.2378917e+00
   3.1454778e+00
   3.2913067e+00
   2.6739611e+00
   3.0400628e+00
   2.9821537e+00
   3.0997119e+00
   2.9907929e+00
   2.7710834e+00
   3.1540971e+00
   2.5396244e+00
   2.5998744e+00
   2.5479093e+00
   2.2825788e+00
   2.3563895e+00
   1.9862675e+00
   2.1373676e+00
   2.0984276e+00
   2.3434634e+00
   2.2523083e+00
   2.7126957e+00
   2.5956644e+00
   2.1242797e+00
   2.6801426e+00
   3.0167606e+00
   2.8411247e+00
   2.4535286e+00
   2.6956987e+00
   2.6623586e+00
   2.4696877e+00
   2.8645516e+00
   2.4573447e+00
   2.1839801e+00
   2.6948091e+00
   3.1416260e+00
   2.2605389e+00
   2.4733783e+00
   2.7316286e+00
   2.2044426e+00
   2.5018111e+00
   2.5187458e+00
   2.1625689e+00
   2.2696950e+00
   2.2712269e+00
   2.2307232e+00
   2.3171890e+00
   2.1664961e+00
   2.2148848e+00
   2.4741953e+00
   2.1666011e+00
   2.4925019e+00
   1.8448557e+00
   2.3570494e+00
   1.8569976e+00
   2.2270976e+00
   2.1224064e+00
   1.8582324e+00
   1.7461652e+00
   1.9279133e+00
   2.0616258e+00
   1.6346299e+00
   2.0724451e+00
   2.1482723e+00
   1.5790717e+00
   1.8378273e+00
   1.5279297e+00
   1.3718320e+00
   1.4584760e+00
   1.5289309e+00
   1.5339803e+00
   1.2610590e+00
   1.4433502e+00
   1.4093595e+00
   1.5870886e+00
   1.3617732e+00
