   1.0234332e+02   8.2956140e+01
   1.0006814e+02   8.8385359e+01
   9.8098674e+01   9.3605944e+01
   9.6425507e+01   9.8621028e+01
   9.5039217e+01   1.0343374e+02
   9.3930382e+01   1.0804722e+02
   9.3089583e+01   1.1246459e+02
   9.2507399e+01   1.1668899e+02
   9.2174409e+01   1.2072355e+02
   9.2081193e+01   1.2457140e+02
   9.2218330e+01   1.2823567e+02
   9.2576401e+01   1.3171950e+02
   9.3145983e+01   1.3502601e+02
   9.3917658e+01   1.3815835e+02
   9.4882004e+01   1.4111964e+02
   9.6029602e+01   1.4391301e+02
   9.7351029e+01   1.4654160e+02
   9.8836867e+01   1.4900854e+02
   1.0047769e+02   1.5131695e+02
   1.0226409e+02   1.5346998e+02
   1.0418664e+02   1.5547076e+02
   1.0623591e+02   1.5732241e+02
   1.0840249e+02   1.5902808e+02
   1.1067696e+02   1.6059088e+02
   1.1304989e+02   1.6201396e+02
   1.1551187e+02   1.6330044e+02
   1.1805348e+02   1.6445346e+02
   1.2066529e+02   1.6547615e+02
   1.2333789e+02   1.6637165e+02
   1.2606185e+02   1.6714308e+02
   1.2882775e+02   1.6779357e+02
   1.3162618e+02   1.6832626e+02
   1.3444771e+02   1.6874429e+02
   1.3728292e+02   1.6905078e+02
   1.4012240e+02   1.6924886e+02
   1.4295671e+02   1.6934167e+02
   1.4577645e+02   1.6933234e+02
   1.4857219e+02   1.6922400e+02
   1.5133451e+02   1.6901979e+02
   1.5405398e+02   1.6872283e+02
   1.5672120e+02   1.6833626e+02
   1.5932970e+02   1.6786402e+02
   1.6188492e+02   1.6731333e+02
   1.6439523e+02   1.6669221e+02
   1.6686905e+02   1.6600867e+02
   1.6931475e+02   1.6527075e+02
   1.7174074e+02   1.6448647e+02
   1.7415540e+02   1.6366385e+02
   1.7656713e+02   1.6281091e+02
   1.7898432e+02   1.6193569e+02
   1.8141536e+02   1.6104619e+02
   1.8386865e+02   1.6015044e+02
   1.8635257e+02   1.5925648e+02
   1.8887553e+02   1.5837232e+02
   1.9144591e+02   1.5750598e+02
   1.9407211e+02   1.5666549e+02
   1.9676252e+02   1.5585887e+02
   1.9952553e+02   1.5509414e+02
   2.0236954e+02   1.5437934e+02
   2.0530293e+02   1.5372248e+02
   2.0833410e+02   1.5313158e+02
   2.1146764e+02   1.5261302e+02
   2.1469287e+02   1.5216655e+02
   2.1799533e+02   1.5179029e+02
   2.2136055e+02   1.5148234e+02
   2.2477405e+02   1.5124081e+02
   2.2822135e+02   1.5106381e+02
   2.3168800e+02   1.5094944e+02
   2.3515950e+02   1.5089581e+02
   2.3862139e+02   1.5090103e+02
   2.4205920e+02   1.5096320e+02
   2.4545845e+02   1.5108044e+02
   2.4880467e+02   1.5125085e+02
   2.5208338e+02   1.5147254e+02
   2.5528012e+02   1.5174361e+02
   2.5838041e+02   1.5206218e+02
   2.6136978e+02   1.5242634e+02
   2.6423376e+02   1.5283422e+02
   2.6695786e+02   1.5328391e+02
   2.6952762e+02   1.5377352e+02
   2.7192857e+02   1.5430117e+02
   2.7414929e+02   1.5486548e+02
   2.7619060e+02   1.5546724e+02
   2.7805638e+02   1.5610773e+02
   2.7975050e+02   1.5678827e+02
   2.8127684e+02   1.5751015e+02
   2.8263928e+02   1.5827467e+02
   2.8384170e+02   1.5908314e+02
   2.8488797e+02   1.5993685e+02
   2.8578197e+02   1.6083711e+02
   2.8652758e+02   1.6178522e+02
   2.8712867e+02   1.6278248e+02
   2.8758913e+02   1.6383019e+02
   2.8791283e+02   1.6492965e+02
   2.8810364e+02   1.6608216e+02
   2.8816545e+02   1.6728903e+02
   2.8810213e+02   1.6855155e+02
   2.8791756e+02   1.6987103e+02
   2.8761562e+02   1.7124876e+02
   2.8720018e+02   1.7268606e+02
   2.8667512e+02   1.7418421e+02
   2.8604453e+02   1.7574186e+02
   2.8531339e+02   1.7734694e+02
   2.8448688e+02   1.7898476e+02
   2.8357018e+02   1.8064060e+02
   2.8256848e+02   1.8229973e+02
   2.8148696e+02   1.8394745e+02
   2.8033082e+02   1.8556903e+02
   2.7910522e+02   1.8714976e+02
   2.7781537e+02   1.8867494e+02
   2.7646644e+02   1.9012983e+02
   2.7506361e+02   1.9149973e+02
   2.7361209e+02   1.9276992e+02
   2.7211704e+02   1.9392568e+02
   2.7058365e+02   1.9495231e+02
   2.6901712e+02   1.9583507e+02
   2.6742262e+02   1.9655927e+02
   2.6580534e+02   1.9711018e+02
   2.6417046e+02   1.9747308e+02
   2.6252317e+02   1.9763327e+02
   2.6086866e+02   1.9757602e+02
   2.5921060e+02   1.9729209e+02
   2.5754662e+02   1.9679410e+02
   2.5587284e+02   1.9610014e+02
   2.5418537e+02   1.9522829e+02
   2.5248035e+02   1.9419663e+02
   2.5075388e+02   1.9302326e+02
   2.4900209e+02   1.9172627e+02
   2.4722110e+02   1.9032374e+02
   2.4540703e+02   1.8883375e+02
   2.4355599e+02   1.8727441e+02
   2.4166411e+02   1.8566378e+02
   2.3972750e+02   1.8401996e+02
   2.3774230e+02   1.8236104e+02
   2.3570461e+02   1.8070511e+02
   2.3361055e+02   1.7907024e+02
   2.3145625e+02   1.7747453e+02
   2.2923782e+02   1.7593607e+02
   2.2695139e+02   1.7447294e+02
   2.2459307e+02   1.7310323e+02
   2.2215899e+02   1.7184503e+02
   2.1964659e+02   1.7071228e+02
   2.1705866e+02   1.6970237e+02
   2.1439931e+02   1.6880854e+02
   2.1167266e+02   1.6802404e+02
   2.0888283e+02   1.6734210e+02
   2.0603392e+02   1.6675599e+02
   2.0313006e+02   1.6625893e+02
   2.0017536e+02   1.6584417e+02
   1.9717393e+02   1.6550496e+02
   1.9412989e+02   1.6523454e+02
   1.9104735e+02   1.6502615e+02
   1.8793043e+02   1.6487304e+02
   1.8478324e+02   1.6476845e+02
   1.8160991e+02   1.6470564e+02
   1.7841454e+02   1.6467783e+02
   1.7520124e+02   1.6467827e+02
   1.7197414e+02   1.6470022e+02
   1.6873735e+02   1.6473691e+02
   1.6549498e+02   1.6478158e+02
   1.6225115e+02   1.6482749e+02
   1.5901031e+02   1.6487019e+02
   1.5577820e+02   1.6491455e+02
   1.5256091e+02   1.6496775e+02
   1.4936453e+02   1.6503697e+02
   1.4619513e+02   1.6512940e+02
   1.4305881e+02   1.6525221e+02
   1.3996165e+02   1.6541259e+02
   1.3690973e+02   1.6561772e+02
   1.3390913e+02   1.6587478e+02
   1.3096594e+02   1.6619096e+02
   1.2808624e+02   1.6657344e+02
   1.2527612e+02   1.6702940e+02
   1.2254166e+02   1.6756602e+02
   1.1988894e+02   1.6819048e+02
   1.1732405e+02   1.6890997e+02
   1.1485307e+02   1.6973167e+02
   1.1248209e+02   1.7066276e+02
   1.1021719e+02   1.7171043e+02
   1.0806445e+02   1.7288185e+02
   1.0602995e+02   1.7418421e+02
   1.0411818e+02   1.7562217e+02
   1.0232718e+02   1.7719031e+02
   1.0065337e+02   1.7888070e+02
   9.9093197e+01   1.8068539e+02
   9.7643093e+01   1.8259645e+02
   9.6299491e+01   1.8460595e+02
   9.5058826e+01   1.8670593e+02
   9.3917533e+01   1.8888847e+02
   9.2872046e+01   1.9114562e+02
   9.1918799e+01   1.9346945e+02
   9.1054227e+01   1.9585202e+02
   9.0274764e+01   1.9828539e+02
   8.9576844e+01   2.0076163e+02
   8.8956903e+01   2.0327279e+02
   8.8411373e+01   2.0581094e+02
   8.7936691e+01   2.0836814e+02
   8.7529289e+01   2.1093644e+02
   8.7185603e+01   2.1350793e+02
   8.6902067e+01   2.1607464e+02
   8.6675115e+01   2.1862865e+02
   8.6501527e+01   2.2116321e+02
   8.6379458e+01   2.2367625e+02
   8.6307410e+01   2.2616691e+02
   8.6283884e+01   2.2863432e+02
   8.6307382e+01   2.3107762e+02
   8.6376404e+01   2.3349594e+02
   8.6489451e+01   2.3588840e+02
   8.6645025e+01   2.3825415e+02
   8.6841627e+01   2.4059230e+02
   8.7077758e+01   2.4290200e+02
   8.7351919e+01   2.4518237e+02
   8.7662611e+01   2.4743254e+02
   8.8008336e+01   2.4965165e+02
   8.8387594e+01   2.5183883e+02
   8.8798887e+01   2.5399321e+02
   8.9240715e+01   2.5611392e+02
   8.9711581e+01   2.5820009e+02
   9.0209984e+01   2.6025085e+02
   9.0734427e+01   2.6226534e+02
   9.1283410e+01   2.6424269e+02
   9.1855435e+01   2.6618203e+02
   9.2449002e+01   2.6808248e+02
   9.3062613e+01   2.6994319e+02
   9.3694768e+01   2.7176328e+02
   9.4343970e+01   2.7354188e+02
   9.5008719e+01   2.7527813e+02
   9.5687517e+01   2.7697116e+02
   9.6378863e+01   2.7862009e+02
   9.7081261e+01   2.8022407e+02
   9.7793210e+01   2.8178221e+02
   9.8513211e+01   2.8329366e+02
   9.9239767e+01   2.8475755e+02
   9.9971378e+01   2.8617300e+02
   1.0070655e+02   2.8753915e+02
   1.0144377e+02   2.8885512e+02
   1.0218155e+02   2.9012006e+02
   1.0291840e+02   2.9133309e+02
   1.0365280e+02   2.9249334e+02
   1.0438327e+02   2.9359995e+02
   1.0510829e+02   2.9465205e+02
