   2.0924289e+01   2.8230392e+01   3.6655799e+01   4.9494777e+01   4.8333978e+01   4.8865275e+01   4.9897268e+01   4.3388324e+01   3.5553571e+01   2.7471667e+01   2.3807706e+01
   2.0957771e+01   2.6645987e+01   3.6537341e+01   5.0000000e+01   4.9959717e+01   4.9033537e+01   5.0000000e+01   4.7114293e+01   2.9676399e+01   2.6534047e+01   2.2699288e+01
   2.2465176e+01   2.7160497e+01   3.7866638e+01   5.0000000e+01   4.9145197e+01   4.8673787e+01   4.9767174e+01   4.4366221e+01   3.1517604e+01   2.9911920e+01   2.3653700e+01
   1.9589753e+01   2.7186244e+01   3.7595408e+01   5.0000000e+01   5.0000000e+01   5.0000000e+01   5.0000000e+01   4.8173234e+01   3.3193660e+01   2.7952219e+01   2.2543734e+01
   2.0204822e+01   2.5907130e+01   3.4780273e+01   4.7704562e+01   4.9172635e+01   5.0000000e+01   4.9451814e+01   4.7289736e+01   3.5612547e+01   2.4535653e+01   2.6022619e+01
   1.7997148e+01   2.3309769e+01   3.5716437e+01   4.8308834e+01   5.0000000e+01   4.9452732e+01   5.0000000e+01   4.6158890e+01   3.2896976e+01   2.6804512e+01   2.3258915e+01
   1.9933314e+01   2.5795045e+01   3.2865517e+01   4.8952683e+01   4.9688250e+01   5.0000000e+01   4.8598517e+01   4.8554120e+01   3.4543572e+01   2.4781758e+01   2.2672128e+01
   2.1018089e+01   2.4325987e+01   3.5923772e+01   4.9086846e+01   4.8399272e+01   5.0000000e+01   5.0000000e+01   4.7609045e+01   3.7050716e+01   2.8834105e+01   2.1480451e+01
   2.0072355e+01   2.6136323e+01   3.2924064e+01   4.9464433e+01   4.9940850e+01   5.0000000e+01   5.0000000e+01   4.8919258e+01   3.5775707e+01   3.0146630e+01   2.2447830e+01
   5.0000000e+01   2.5331984e+01   3.5416524e+01   5.0000000e+01   4.8414719e+01   4.9809604e+01   4.8914913e+01   4.9483346e+01   3.5569916e+01   2.9616328e+01   2.5045223e+01
   1.9408335e+01   2.4827352e+01   3.2844048e+01   5.0000000e+01   4.9978591e+01   5.0000000e+01   4.9438147e+01   5.0000000e+01   3.3844616e+01   2.9541568e+01   2.2256058e+01
   2.1171587e+01   2.7933757e+01   3.3405096e+01   4.8886236e+01   4.9683292e+01   4.9891179e+01   4.9965753e+01   5.0000000e+01   3.4687610e+01   2.7670595e+01   2.4440810e+01
   1.9206557e+01   2.5988753e+01   3.2082923e+01   5.0000000e+01   4.9840806e+01   5.0000000e+01   5.0000000e+01   5.0000000e+01   3.9227361e+01   3.1020130e+01   2.3492362e+01
   2.0476675e+01   2.4480411e+01   3.1739214e+01   4.4796199e+01   5.0000000e+01   5.0000000e+01   4.8195458e+01   5.0000000e+01   3.9908679e+01   2.8348516e+01   2.4263308e+01
   2.1321807e+01   2.5197425e+01   3.2791160e+01   4.7901865e+01   5.0000000e+01   5.0000000e+01   4.9782119e+01   5.0000000e+01   3.9500308e+01   3.0248237e+01   2.4329741e+01
   2.2984673e+01   2.5192849e+01   2.9262464e+01   4.7804743e+01   4.9243892e+01   4.9788323e+01   4.8919093e+01   5.0000000e+01   3.6231039e+01   3.1534281e+01   2.3734511e+01
   2.2815082e+01   2.4362389e+01   3.2459322e+01   4.7909993e+01   5.0000000e+01   5.0000000e+01   4.8769721e+01   4.9748993e+01   3.9901330e+01   2.8105238e+01   2.2940364e+01
   2.1312419e+01   2.7170957e+01   3.2563865e+01   4.7989881e+01   4.8320437e+01   4.8831354e+01   4.8411084e+01   5.0000000e+01   3.6828026e+01   3.2504285e+01   2.6345381e+01
   1.9933869e+01   2.6232189e+01   3.0489368e+01   4.4318275e+01   5.0000000e+01   4.8389202e+01   5.0000000e+01   5.0000000e+01   3.7731054e+01   2.9277928e+01   2.4709763e+01
   2.0849344e+01   2.6108240e+01   3.1632439e+01   4.6174965e+01   4.9039555e+01   5.0000000e+01   4.9869586e+01   5.0000000e+01   3.8958840e+01   2.9196251e+01   2.6589705e+01
   2.1423986e+01   2.5590158e+01   3.1699224e+01   4.7647158e+01   4.9634085e+01   5.0000000e+01   5.0000000e+01   4.8174691e+01   4.0682828e+01   2.9110914e+01   2.4680112e+01
   2.0716766e+01   2.5545999e+01   3.0473956e+01   4.5069080e+01   5.0000000e+01   5.0000000e+01   4.8233125e+01   5.0000000e+01   4.1132073e+01   2.9529735e+01   2.5800092e+01
   2.1024798e+01   2.6467487e+01   3.1278595e+01   4.8617999e+01   5.0000000e+01   5.0000000e+01   5.0000000e+01   5.0000000e+01   3.9064728e+01   3.1960601e+01   2.5169660e+01
   2.1390475e+01   2.5378681e+01   3.2312348e+01   4.7641192e+01   4.9641924e+01   5.0000000e+01   5.0000000e+01   4.9669065e+01   3.8605519e+01   2.9231906e+01   2.4912459e+01
   2.0609508e+01   2.5099752e+01   3.2346632e+01   4.9535188e+01   4.9287156e+01   4.8324475e+01   5.0000000e+01   4.9983543e+01   4.0407418e+01   3.3449121e+01   2.5004184e+01
   2.0969167e+01   2.6425138e+01   3.0984999e+01   4.5665475e+01   5.0000000e+01   4.9810582e+01   5.0000000e+01   4.8876533e+01   3.9227614e+01   2.9463412e+01   2.4400057e+01
   2.1662012e+01   2.6276308e+01   3.2362510e+01   4.8842907e+01   4.9136044e+01   5.0000000e+01   4.9422277e+01   5.0000000e+01   4.1229822e+01   2.9640200e+01   2.6152039e+01
   2.0744562e+01   2.6532619e+01   3.2083307e+01   4.8840139e+01   5.0000000e+01   4.9423246e+01   4.9856161e+01   4.9542422e+01   3.7276200e+01   2.5797885e+01   2.6385676e+01
   2.1620896e+01   2.6569767e+01   3.5741608e+01   5.0000000e+01   4.8216794e+01   5.0000000e+01   4.9257758e+01   5.0000000e+01   4.0861892e+01   3.3556749e+01   2.5003530e+01
   2.2511085e+01   2.6882446e+01   3.3846538e+01   5.0000000e+01   5.0000000e+01   5.0000000e+01   4.9177659e+01   4.9629648e+01   5.0000000e+01   3.3115154e+01   2.2367951e+01
   2.1673563e+01   2.5700270e+01   3.2404258e+01   4.8838918e+01   4.8630071e+01   4.9657607e+01   5.0000000e+01   4.9723031e+01   3.7259975e+01   2.9912104e+01   2.5001839e+01
   1.9409067e+01   2.6448482e+01   3.4249450e+01   5.0000000e+01   5.0000000e+01   4.8802554e+01   5.0000000e+01   4.9997515e+01   3.4936406e+01   2.8052236e+01   2.5574981e+01
   2.3046745e+01   2.6759761e+01   3.6553805e+01   4.8487797e+01   4.9197329e+01   5.0000000e+01   5.0000000e+01   4.9196080e+01   3.7851275e+01   3.0814933e+01   2.3881968e+01
   2.2543725e+01   2.9078673e+01   5.0000000e+01   5.0000000e+01   4.9629626e+01   4.9264676e+01   4.9021555e+01   4.8137269e+01   3.2755058e+01   2.5740081e+01   2.4406923e+01
   2.3274986e+01   2.9252171e+01   5.0000000e+01   4.9544410e+01   4.9838806e+01   4.9750235e+01   5.0000000e+01   4.9631036e+01   3.3215229e+01   2.7335336e+01   2.3070970e+01
   2.1955114e+01   2.8394288e+01   4.8126597e+01   4.9430427e+01   4.9786907e+01   4.8790110e+01   4.9892380e+01   4.9528231e+01   3.2091749e+01   2.8644185e+01   2.0478574e+01
   2.5672799e+01   5.0000000e+01   4.9531418e+01   5.0000000e+01   4.9690541e+01   4.8697949e+01   5.0000000e+01   4.9839978e+01   4.9030023e+01   2.6626159e+01   2.2377207e+01
   2.4895978e+01   5.0000000e+01   4.9878340e+01   4.9228130e+01   4.9604154e+01   4.8409738e+01   5.0000000e+01   5.0000000e+01   5.0000000e+01   2.5818814e+01   2.4716526e+01
   5.0000000e+01   5.0000000e+01   4.9388685e+01   5.0000000e+01   5.0000000e+01   5.0000000e+01   5.0000000e+01   5.0000000e+01   4.9604928e+01   2.6588816e+01   2.3619756e+01
   4.9486115e+01   5.0000000e+01   5.0000000e+01   5.0000000e+01   4.8505209e+01   5.0000000e+01   5.0000000e+01   5.0000000e+01   5.0000000e+01   4.9985458e+01   2.3147473e+01
   5.0000000e+01   5.0000000e+01   4.7972667e+01   4.7087628e+01   5.0000000e+01   5.0000000e+01   5.0000000e+01   4.7899533e+01   5.0000000e+01   4.8475409e+01   2.0601103e+01
   5.0000000e+01   4.8413520e+01   4.1052429e+01   4.9151030e+01   4.9124747e+01   4.8407105e+01   4.8662603e+01   4.9375765e+01   5.0000000e+01   4.9509061e+01   5.0000000e+01
   4.9096992e+01   4.3893790e+01   4.0158259e+01   5.0000000e+01   4.9315275e+01   5.0000000e+01   4.8549370e+01   4.9432717e+01   5.0000000e+01   4.8018725e+01   4.9843647e+01
   4.2157915e+01   3.8816504e+01   3.7339358e+01   4.9277631e+01   5.0000000e+01   4.9623920e+01   5.0000000e+01   5.0000000e+01   5.0000000e+01   4.9009323e+01   4.8284605e+01
   4.1016675e+01   3.5115841e+01   3.5388046e+01   5.0000000e+01   4.8730753e+01   5.0000000e+01   5.0000000e+01   5.0000000e+01   5.0000000e+01   5.0000000e+01   4.7634720e+01
   3.6166281e+01   3.2909591e+01   5.0000000e+01   4.9312666e+01   4.7418239e+01   4.8853262e+01   5.0000000e+01   5.0000000e+01   4.9489338e+01   4.7508896e+01   4.9684633e+01
   2.9407199e+01   2.9785334e+01   4.9264856e+01   5.0000000e+01   5.0000000e+01   4.8195987e+01   5.0000000e+01   5.0000000e+01   4.8509393e+01   5.0000000e+01   4.7922399e+01
   2.6806576e+01   3.6390428e+01   5.0000000e+01   4.9946415e+01   5.0000000e+01   5.0000000e+01   5.0000000e+01   5.0000000e+01   4.9325432e+01   5.0000000e+01   4.8300931e+01
   2.6867385e+01   4.8408035e+01   4.9571141e+01   5.0000000e+01   4.9243472e+01   5.0000000e+01   5.0000000e+01   5.0000000e+01   4.8515634e+01   4.8825948e+01   4.9463323e+01
   3.1669108e+01   5.0000000e+01   4.9550656e+01   5.0000000e+01   5.0000000e+01   5.0000000e+01   5.0000000e+01   4.9798137e+01   5.0000000e+01   5.0000000e+01   5.0000000e+01
   5.0000000e+01   5.0000000e+01   4.9716550e+01   4.9432331e+01   4.9006189e+01   5.0000000e+01   5.0000000e+01   4.7992452e+01   4.9054315e+01   5.0000000e+01   5.0000000e+01
   4.8776725e+01   5.0000000e+01   5.0000000e+01   4.8779698e+01   5.0000000e+01   5.0000000e+01   5.0000000e+01   5.0000000e+01   5.0000000e+01   5.0000000e+01   4.9260858e+01
   4.9415888e+01   5.0000000e+01   5.0000000e+01   4.9584378e+01   4.9566206e+01   5.0000000e+01   5.0000000e+01   4.9053132e+01   5.0000000e+01   4.9434544e+01   5.0000000e+01
   5.0000000e+01   5.0000000e+01   5.0000000e+01   5.0000000e+01   5.0000000e+01   4.9586492e+01   5.0000000e+01   4.9621071e+01   5.0000000e+01   4.7816576e+01   4.8129985e+01
   5.0000000e+01   4.9925927e+01   4.9987132e+01   4.9681598e+01   5.0000000e+01   5.0000000e+01   4.9002042e+01   4.9822694e+01   4.8441537e+01   5.0000000e+01   4.8923007e+01
   5.0000000e+01   5.0000000e+01   5.0000000e+01   4.9010748e+01   5.0000000e+01   4.9770703e+01   4.7614835e+01   4.9026167e+01   4.9942627e+01   4.9847928e+01   5.0000000e+01
   4.9654921e+01   5.0000000e+01   4.8601753e+01   5.0000000e+01   4.9509601e+01   4.9018462e+01   5.0000000e+01   4.9602223e+01   4.9320941e+01   4.7114091e+01   4.8767892e+01
   5.0000000e+01   4.7507485e+01   4.6925685e+01   5.0000000e+01   4.7677320e+01   4.9388524e+01   4.9459035e+01   4.9227659e+01   4.9831675e+01   5.0000000e+01   5.0000000e+01
   4.4947597e+01   4.4601442e+01   5.0000000e+01   4.9521634e+01   4.9788147e+01   4.9873939e+01   4.8885606e+01   4.8454280e+01   5.0000000e+01   4.9223240e+01   4.8206341e+01
   4.5849944e+01   4.9402861e+01   5.0000000e+01   5.0000000e+01   5.0000000e+01   4.9788451e+01   5.0000000e+01   5.0000000e+01   4.9813974e+01   4.8835673e+01   4.9699504e+01
   5.0000000e+01   4.8938815e+01   4.8838779e+01   5.0000000e+01   4.9791307e+01   4.8385654e+01   4.9830258e+01   4.9495374e+01   5.0000000e+01   5.0000000e+01   4.9187046e+01
   4.9178155e+01   5.0000000e+01   4.9561829e+01   4.9435681e+01   5.0000000e+01   5.0000000e+01   4.9901216e+01   4.9156608e+01   5.0000000e+01   5.0000000e+01   4.8996861e+01
   4.9127395e+01   5.0000000e+01   4.8768435e+01   5.0000000e+01   5.0000000e+01   5.0000000e+01   5.0000000e+01   5.0000000e+01   4.8939560e+01   5.0000000e+01   5.0000000e+01
   5.0000000e+01   5.0000000e+01   4.9077401e+01   4.9813475e+01   5.0000000e+01   4.8854206e+01   4.9870480e+01   5.0000000e+01   5.0000000e+01   5.0000000e+01   5.0000000e+01
   5.0000000e+01   4.9104824e+01   4.9895207e+01   4.9330537e+01   4.8746568e+01   5.0000000e+01   4.8790972e+01   5.0000000e+01   5.0000000e+01   5.0000000e+01   5.0000000e+01
   4.9960602e+01   5.0000000e+01   5.0000000e+01   5.0000000e+01   4.9106927e+01   5.0000000e+01   5.0000000e+01   5.0000000e+01   4.9091166e+01   5.0000000e+01   4.8721043e+01
   5.0000000e+01   4.8565879e+01   4.9565447e+01   4.8543333e+01   4.8724787e+01   5.0000000e+01   4.8530525e+01   4.9713120e+01   4.9535494e+01   5.0000000e+01   5.0000000e+01
   5.0000000e+01   5.0000000e+01   5.0000000e+01   5.0000000e+01   5.0000000e+01   5.0000000e+01   4.9555529e+01   5.0000000e+01   5.0000000e+01   5.0000000e+01   5.0000000e+01
   4.8261684e+01   4.9181778e+01   4.9891889e+01   5.0000000e+01   4.9874392e+01   4.9897304e+01   4.9466203e+01   5.0000000e+01   5.0000000e+01   5.0000000e+01   4.8363514e+01
   4.8539357e+01   5.0000000e+01   5.0000000e+01   5.0000000e+01   5.0000000e+01   4.9472785e+01   4.9338233e+01   4.9979502e+01   5.0000000e+01   5.0000000e+01   5.0000000e+01
   5.0000000e+01   4.8669591e+01   5.0000000e+01   4.9431909e+01   4.9529278e+01   5.0000000e+01   5.0000000e+01   5.0000000e+01   5.0000000e+01   5.0000000e+01   4.9194203e+01
   4.9912036e+01   5.0000000e+01   5.0000000e+01   5.0000000e+01   4.9223355e+01   5.0000000e+01   4.8942907e+01   4.9536795e+01   4.8070310e+01   5.0000000e+01   4.9602482e+01
   5.0000000e+01   5.0000000e+01   4.8490384e+01   5.0000000e+01   5.0000000e+01   4.8570011e+01   4.9300020e+01   5.0000000e+01   4.9503394e+01   5.0000000e+01   4.9375999e+01
   4.9494380e+01   4.8160123e+01   4.8362162e+01   5.0000000e+01   4.8112508e+01   5.0000000e+01   4.8535426e+01   4.9675918e+01   5.0000000e+01   4.9630164e+01   4.6970395e+01
   5.0000000e+01   4.6765498e+01   4.7185082e+01   4.5408628e+01   5.0000000e+01   4.7877197e+01   4.7265188e+01   4.8310782e+01   4.9574933e+01   4.6418692e+01   4.7620303e+01
   4.8001314e+01   4.6000404e+01   4.4610957e+01   4.6211239e+01   4.5122856e+01   4.8103247e+01   4.8017844e+01   4.5204662e+01   4.6323515e+01   4.5725760e+01   4.3813566e+01
   4.5530518e+01   4.5363176e+01   4.1736741e+01   4.2273136e+01   4.4862583e+01   4.4560987e+01   4.4055925e+01   4.6901522e+01   4.4952672e+01   4.4151913e+01   4.3101887e+01
   4.9959753e+01   4.3692776e+01   4.4069358e+01   4.0900644e+01   4.1731390e+01   4.1999376e+01   4.3239814e+01   4.2773157e+01   4.3000653e+01   4.4050449e+01   4.4123048e+01
   4.8732263e+01   4.1897922e+01   4.1367507e+01   4.1674902e+01   3.9573099e+01   4.2062799e+01   4.0910447e+01   4.0143360e+01   4.0472775e+01   4.2070998e+01   4.1789360e+01
   4.9995597e+01   4.4613576e+01   4.0361313e+01   3.8023943e+01   3.5539435e+01   3.5992542e+01   3.9152316e+01   3.8058670e+01   4.0761902e+01   3.8676539e+01   3.9031452e+01
   5.0000000e+01   5.0000000e+01   3.9497345e+01   3.6272968e+01   3.7455921e+01   3.5097706e+01   3.6185560e+01   3.6953145e+01   3.9520832e+01   3.6320063e+01   3.7841909e+01
   5.0000000e+01   5.0000000e+01   5.0000000e+01   3.6686026e+01   3.5981181e+01   3.5374814e+01   3.4590779e+01   3.3989149e+01   3.4249556e+01   3.5954214e+01   3.6593187e+01
   5.0000000e+01   5.0000000e+01   4.9859452e+01   3.8465067e+01   3.6634178e+01   3.3828359e+01   2.9535075e+01   3.5105443e+01   3.3941250e+01   3.2969775e+01   3.5570102e+01
   5.0000000e+01   4.7876327e+01   5.0000000e+01   4.9617568e+01   3.5151104e+01   3.2397216e+01   3.1810301e+01   3.1439905e+01   3.0259914e+01   3.3526495e+01   3.3618317e+01
   4.8437704e+01   4.7832531e+01   4.9784709e+01   4.9527579e+01   4.9120511e+01   3.1896804e+01   3.1865061e+01   2.9895377e+01   3.1884116e+01   2.9626408e+01   2.9459481e+01
   4.8438301e+01   4.7634999e+01   4.9085492e+01   4.7861178e+01   4.8718850e+01   3.3209347e+01   3.2634942e+01   2.8229300e+01   2.7793207e+01   2.7727260e+01   2.8033053e+01
   5.0000000e+01   5.0000000e+01   5.0000000e+01   5.0000000e+01   4.9086049e+01   5.0000000e+01   3.0341014e+01   2.7744196e+01   2.9903780e+01   2.7360279e+01   2.7485355e+01
   5.0000000e+01   5.0000000e+01   5.0000000e+01   4.9879504e+01   5.0000000e+01   5.0000000e+01   2.9868702e+01   2.7418005e+01   2.5239076e+01   2.4770239e+01   2.3400675e+01
   5.0000000e+01   4.8025772e+01   5.0000000e+01   4.9480788e+01   4.9695082e+01   4.8147617e+01   5.0000000e+01   2.7113154e+01   2.7174484e+01   2.5946275e+01   2.4786945e+01
   4.9699472e+01   4.9864716e+01   4.8619911e+01   4.8099803e+01   4.9577858e+01   5.0000000e+01   5.0000000e+01   5.0000000e+01   2.6838902e+01   2.3734950e+01   5.0000000e+01
   4.8938058e+01   5.0000000e+01   5.0000000e+01   5.0000000e+01   5.0000000e+01   5.0000000e+01   5.0000000e+01   5.0000000e+01   5.0000000e+01   2.3269666e+01   2.2603319e+01
   4.9473679e+01   4.8336639e+01   5.0000000e+01   4.8657555e+01   4.9007217e+01   4.8765706e+01   5.0000000e+01   5.0000000e+01   4.9525590e+01   2.3050267e+01   2.1684226e+01
   4.9330525e+01   5.0000000e+01   5.0000000e+01   4.9320521e+01   5.0000000e+01   4.9802863e+01   4.9377750e+01   5.0000000e+01   5.0000000e+01   2.2100318e+01   1.8259211e+01
   5.0000000e+01   4.9642814e+01   5.0000000e+01   4.8659334e+01   4.9793765e+01   4.9403991e+01   5.0000000e+01   4.9667200e+01   5.0000000e+01   5.0000000e+01   2.0624658e+01
   5.0000000e+01   5.0000000e+01   5.0000000e+01   4.9474440e+01   4.8750798e+01   4.9810863e+01   4.9650791e+01   4.9304970e+01   5.0000000e+01   4.8346035e+01   5.0000000e+01
   5.0000000e+01   5.0000000e+01   4.9653887e+01   4.9470898e+01   4.8358054e+01   4.5720461e+01   5.0000000e+01   5.0000000e+01   5.0000000e+01   4.8146208e+01   5.0000000e+01
   4.9578476e+01   5.0000000e+01   5.0000000e+01   4.9875060e+01   5.0000000e+01   4.5740558e+01   4.6413552e+01   5.0000000e+01   4.8981782e+01   4.9986429e+01   4.9264815e+01
   5.0000000e+01   5.0000000e+01   4.9520787e+01   4.9012069e+01   5.0000000e+01   4.2699810e+01   4.5034105e+01   4.9129779e+01   4.9872293e+01   5.0000000e+01   4.8028968e+01
   4.5735883e+01   4.9762724e+01   5.0000000e+01   4.9233260e+01   4.9505481e+01   4.2325434e+01   4.0536474e+01   4.3903157e+01   4.8642397e+01   5.0000000e+01   5.0000000e+01
   4.4220722e+01   5.0000000e+01   4.9692901e+01   4.9793635e+01   4.9529552e+01   4.9640617e+01   3.8284319e+01   3.8960442e+01   5.0000000e+01   5.0000000e+01   5.0000000e+01
   4.2207395e+01   4.7061221e+01   4.9875596e+01   4.9765742e+01   5.0000000e+01   5.0000000e+01   3.6022938e+01   3.4317733e+01   4.1538271e+01   4.7795128e+01   4.9730102e+01
   4.0099256e+01   4.7055487e+01   5.0000000e+01   4.9866986e+01   5.0000000e+01   4.8585158e+01   4.8616609e+01   3.5380025e+01   3.7242116e+01   3.7246254e+01   4.9931596e+01
   4.1174927e+01   4.1567593e+01   5.0000000e+01   5.0000000e+01   4.9359585e+01   5.0000000e+01   5.0000000e+01   3.2307268e+01   3.1407431e+01   3.5293502e+01   5.0000000e+01
   4.0750748e+01   4.0820402e+01   4.6971562e+01   5.0000000e+01   4.8480699e+01   5.0000000e+01   5.0000000e+01   4.8394413e+01   3.0922521e+01   3.2023042e+01   4.8786357e+01
   3.6750036e+01   4.0642281e+01   4.3120406e+01   5.0000000e+01   5.0000000e+01   5.0000000e+01   5.0000000e+01   4.7236717e+01   2.8537802e+01   2.9648725e+01   3.2127733e+01
   3.6603799e+01   3.9806213e+01   3.8151502e+01   4.6997656e+01   5.0000000e+01   5.0000000e+01   5.0000000e+01   5.0000000e+01   2.4419244e+01   2.6392441e+01   2.7676477e+01
   3.2817194e+01   3.4733626e+01   3.8034569e+01   4.4129830e+01   4.9606432e+01   4.9302048e+01   4.9574094e+01   4.8896545e+01   4.4490522e+01   2.4198179e+01   2.6957387e+01
   3.2954690e+01   3.3939402e+01   3.5358979e+01   4.2384918e+01   5.0000000e+01   5.0000000e+01   4.9440700e+01   5.0000000e+01   5.0000000e+01   2.4126636e+01   2.2658530e+01
   2.9404923e+01   3.2153460e+01   3.6415928e+01   3.9555222e+01   5.0000000e+01   4.9148920e+01   4.9643671e+01   4.8900904e+01   5.0000000e+01   2.9397908e+01   2.0998196e+01
   2.9421963e+01   3.3338812e+01   3.3123913e+01   3.9555108e+01   4.6909633e+01   5.0000000e+01   4.9170991e+01   5.0000000e+01   4.8951963e+01   3.3098381e+01   2.0716429e+01
   2.8567487e+01   2.9257073e+01   3.3003364e+01   3.6626681e+01   4.2781341e+01   5.0000000e+01   4.9208869e+01   4.9210981e+01   5.0000000e+01   4.3377206e+01   2.4708994e+01
   2.7490239e+01   2.6818014e+01   3.1437381e+01   3.3353935e+01   4.5643110e+01   5.0000000e+01   5.0000000e+01   4.9144427e+01   4.9962596e+01   5.0000000e+01   2.5202866e+01
   2.5441403e+01   2.7841887e+01   3.0442568e+01   3.4380411e+01   4.0583887e+01   4.9707489e+01   5.0000000e+01   5.0000000e+01   5.0000000e+01   5.0000000e+01   2.9465079e+01
   2.2448788e+01   2.4458961e+01   2.8123833e+01   3.2255467e+01   4.0698171e+01   5.0000000e+01   5.0000000e+01   4.8779444e+01   5.0000000e+01   4.9151257e+01   3.3075366e+01
   2.3483520e+01   2.5207974e+01   5.0000000e+01   3.1301815e+01   3.6743800e+01   5.0000000e+01   4.7930039e+01   5.0000000e+01   4.9469516e+01   5.0000000e+01   3.4213036e+01
   2.2890961e+01   2.3468977e+01   2.4278438e+01   3.1870007e+01   3.9669758e+01   5.0000000e+01   4.9945070e+01   4.9434328e+01   5.0000000e+01   4.9112565e+01   3.6951524e+01
   2.2900561e+01   2.4554534e+01   2.4063327e+01   3.0626469e+01   3.7237049e+01   4.6825972e+01   5.0000000e+01   4.8291203e+01   5.0000000e+01   4.9342033e+01   3.3163276e+01
   2.1629393e+01   1.9495598e+01   2.5075362e+01   2.8419036e+01   3.6140539e+01   4.9294063e+01   4.9132028e+01   5.0000000e+01   5.0000000e+01   4.9737756e+01   3.6710791e+01
   1.8861798e+01   2.0788472e+01   2.3846202e+01   2.6036570e+01   3.6425439e+01   5.0000000e+01   4.9986015e+01   4.9557207e+01   4.9456575e+01   5.0000000e+01   3.6740347e+01
   1.8024422e+01   2.3464978e+01   5.0000000e+01   2.9403796e+01   3.7698870e+01   5.0000000e+01   5.0000000e+01   5.0000000e+01   4.9885580e+01   5.0000000e+01   3.3933520e+01
   1.9334239e+01   1.9431737e+01   2.3319116e+01   2.8600866e+01   3.9655819e+01   4.9662556e+01   4.9540317e+01   4.9093919e+01   5.0000000e+01   4.6622917e+01   3.5755417e+01
   1.7088758e+01   2.0081914e+01   2.3503988e+01   3.0625149e+01   4.1744478e+01   5.0000000e+01   4.9189701e+01   4.9595205e+01   5.0000000e+01   4.3905723e+01   3.3105386e+01
   1.7790341e+01   1.8963515e+01   2.4744709e+01   3.0760121e+01   4.4436822e+01   4.8202531e+01   4.9601345e+01   5.0000000e+01   4.9976755e+01   4.2195711e+01   3.2952715e+01
   1.7226611e+01   1.8642659e+01   2.6700290e+01   3.2452057e+01   4.8649298e+01   4.8647408e+01   5.0000000e+01   4.9799926e+01   5.0000000e+01   3.9849811e+01   2.9937972e+01
   1.8211108e+01   2.1640095e+01   2.4616815e+01   3.4538377e+01   5.0000000e+01   5.0000000e+01   4.9370607e+01   4.9310369e+01   5.0000000e+01   3.6855241e+01   3.0776971e+01
   1.8083458e+01   2.1280487e+01   2.4427923e+01   3.6144425e+01   5.0000000e+01   5.0000000e+01   4.9171235e+01   5.0000000e+01   4.8763641e+01   3.6648623e+01   2.9425132e+01
   1.9065275e+01   2.4066186e+01   2.6381331e+01   3.4177423e+01   4.8504036e+01   4.7681017e+01   5.0000000e+01   5.0000000e+01   4.5044326e+01   3.5661716e+01   2.9114415e+01
   2.0132733e+01   2.2035688e+01   2.5591847e+01   3.9249253e+01   4.9225353e+01   4.8421345e+01   4.9956636e+01   5.0000000e+01   4.5008706e+01   3.3475384e+01   2.6933173e+01
   1.9334608e+01   2.3682378e+01   3.0661261e+01   3.9147416e+01   5.0000000e+01   5.0000000e+01   4.9828310e+01   5.0000000e+01   4.3193987e+01   3.5044708e+01   2.7849734e+01
   1.8673358e+01   2.2971530e+01   2.8042574e+01   4.0258086e+01   4.9007284e+01   4.9824503e+01   4.9063356e+01   4.8088892e+01   4.2041946e+01   3.1476759e+01   2.8230411e+01
   1.8666075e+01   2.3340097e+01   2.8129800e+01   3.9903145e+01   4.9593124e+01   5.0000000e+01   4.7548275e+01   4.8483729e+01   3.9899752e+01   3.2171029e+01   2.7544214e+01
   1.9885655e+01   2.5014612e+01   3.0705374e+01   3.8729548e+01   4.9944093e+01   4.9398054e+01   5.0000000e+01   4.9984453e+01   4.2294043e+01   3.0174512e+01   2.8207977e+01
   1.9652110e+01   2.1831277e+01   3.3171175e+01   4.4340845e+01   5.0000000e+01   5.0000000e+01   4.9897620e+01   5.0000000e+01   3.9361726e+01   3.0803631e+01   2.5898856e+01
   1.8151732e+01   2.2677150e+01   3.0589133e+01   4.6761100e+01   4.9420884e+01   4.9817173e+01   5.0000000e+01   5.0000000e+01   4.0012041e+01   3.4448962e+01   2.5879544e+01
   1.8469675e+01   2.5229312e+01   3.1108529e+01   4.8071400e+01   5.0000000e+01   4.8215535e+01   5.0000000e+01   4.9462713e+01   4.1331109e+01   3.0343005e+01   2.4829299e+01
   1.8402376e+01   2.5215720e+01   3.1031585e+01   4.3152401e+01   5.0000000e+01   5.0000000e+01   5.0000000e+01   5.0000000e+01   3.9212673e+01   3.0750457e+01   2.6331321e+01
   2.0374327e+01   2.1983807e+01   3.1923191e+01   4.0228864e+01   4.9849509e+01   5.0000000e+01   5.0000000e+01   4.9555575e+01   3.9628280e+01   3.0624692e+01   2.6614288e+01
   1.7191613e+01   2.1720160e+01   2.9794361e+01   3.8414902e+01   5.0000000e+01   4.8285024e+01   5.0000000e+01   4.9938058e+01   3.8893206e+01   3.2129660e+01   2.8392551e+01
   1.9256078e+01   2.4074714e+01   2.4533959e+01   4.2441658e+01   5.0000000e+01   5.0000000e+01   5.0000000e+01   4.7634010e+01   4.2494570e+01   3.1650037e+01   2.5890138e+01
   1.8576527e+01   2.3144141e+01   2.9761647e+01   4.0865468e+01   5.0000000e+01   5.0000000e+01   4.9499865e+01   5.0000000e+01   4.2084897e+01   3.2592236e+01   2.7549726e+01
   1.7510633e+01   2.0304941e+01   2.7606830e+01   3.7667334e+01   5.0000000e+01   4.8928477e+01   5.0000000e+01   5.0000000e+01   4.8614022e+01   3.3415296e+01   2.8463780e+01
   1.8105015e+01   2.0246926e+01   2.6657159e+01   3.8275510e+01   4.8351127e+01   5.0000000e+01   4.9473978e+01   5.0000000e+01   5.0000000e+01   3.6380326e+01   5.0000000e+01
   1.8236599e+01   2.0156108e+01   2.8441098e+01   3.5317698e+01   4.9054882e+01   5.0000000e+01   5.0000000e+01   4.9647355e+01   4.9359614e+01   3.4686676e+01   2.8343685e+01
   1.6195839e+01   1.9973364e+01   2.4609444e+01   3.2845170e+01   4.9385085e+01   4.9417443e+01   5.0000000e+01   4.9066489e+01   5.0000000e+01   4.8588264e+01   2.9704845e+01
   1.6590975e+01   2.0100518e+01   2.4516936e+01   3.2065910e+01   4.9571496e+01   5.0000000e+01   5.0000000e+01   4.9745037e+01   4.9932113e+01   4.9838206e+01   2.8988039e+01
   1.8337359e+01   2.1719242e+01   1.9885750e+01   3.3861309e+01   4.8612623e+01   5.0000000e+01   5.0000000e+01   5.0000000e+01   4.9821251e+01   5.0000000e+01   2.8406581e+01
   1.5285456e+01   1.8070694e+01   2.3187135e+01   3.1903742e+01   4.9686023e+01   4.8830795e+01   4.7392220e+01   4.9874324e+01   4.9131013e+01   4.9010623e+01   3.0309964e+01
   1.8319834e+01   1.4913694e+01   2.2520943e+01   3.2576336e+01   4.7424857e+01   4.6433019e+01   4.8258512e+01   4.8629001e+01   4.8571443e+01   5.0000000e+01   5.0000000e+01
   1.6804883e+01   1.7842737e+01   2.3461313e+01   2.8244704e+01   4.6366246e+01   4.5296766e+01   4.4253876e+01   4.4686905e+01   5.0000000e+01   4.8257887e+01   4.9506439e+01
   1.2947383e+01   1.9098326e+01   2.5547647e+01   3.4251493e+01   4.1779805e+01   4.2953517e+01   4.1645938e+01   4.3764826e+01   5.0000000e+01   5.0000000e+01   5.0000000e+01
   1.7149612e+01   2.1414423e+01   2.6656466e+01   3.4698402e+01   4.0510515e+01   4.0190711e+01   4.0728039e+01   4.0710982e+01   4.9091751e+01   4.9961999e+01   5.0000000e+01
   1.5815920e+01   1.9048752e+01   2.3261434e+01   3.7141026e+01   3.8639748e+01   3.6768700e+01   3.6646362e+01   4.0524271e+01   4.9663191e+01   5.0000000e+01   5.0000000e+01
   1.7080281e+01   1.9614870e+01   2.6052584e+01   3.6465147e+01   3.5169782e+01   3.4566880e+01   3.6617633e+01   3.8478815e+01   5.0000000e+01   5.0000000e+01   4.9011608e+01
   1.8643763e+01   1.9211549e+01   2.9122994e+01   3.4027478e+01   3.1117532e+01   3.2471772e+01   3.3119578e+01   3.5323904e+01   5.0000000e+01   5.0000000e+01   4.9866593e+01
   1.5562449e+01   2.3103743e+01   3.2063052e+01   3.3308397e+01   2.9265549e+01   3.1932863e+01   3.4762540e+01   3.4843650e+01   4.9245829e+01   4.9133406e+01   4.9780335e+01
   2.0251647e+01   2.5114762e+01   3.0144828e+01   2.8682275e+01   2.9470477e+01   2.8660446e+01   3.0050814e+01   3.1528945e+01   5.0000000e+01   5.0000000e+01   5.0000000e+01
   2.4454876e+01   2.9321107e+01   2.9121345e+01   2.6924169e+01   2.8035874e+01   2.8206376e+01   2.8150767e+01   4.8729014e+01   4.8448067e+01   4.9343773e+01   4.9591864e+01
   2.5687321e+01   2.8133270e+01   2.8753577e+01   2.4255961e+01   2.5780419e+01   2.6051664e+01   2.8298453e+01   4.9649489e+01   5.0000000e+01   5.0000000e+01   4.8286541e+01
   2.5219387e+01   2.6003901e+01   2.4428546e+01   2.5415008e+01   2.3175070e+01   2.3849360e+01   2.6218439e+01   5.0000000e+01   5.0000000e+01   5.0000000e+01   5.0000000e+01
   2.5412484e+01   2.2093947e+01   1.9409044e+01   2.2124538e+01   2.2539109e+01   2.4567772e+01   5.0000000e+01   5.0000000e+01   5.0000000e+01   5.0000000e+01   5.0000000e+01
   2.1444330e+01   2.0852750e+01   1.9320993e+01   2.1606917e+01   1.9096848e+01   2.3466888e+01   4.9066580e+01   4.9322333e+01   5.0000000e+01   5.0000000e+01   5.0000000e+01
   1.9363911e+01   2.0222523e+01   1.9939130e+01   1.8765049e+01   2.2108444e+01   4.8451638e+01   4.9763678e+01   4.6769264e+01   4.3931467e+01   5.0000000e+01   5.0000000e+01
   1.6951938e+01   1.9348521e+01   1.7514631e+01   1.9861057e+01   1.8452166e+01   5.0000000e+01   5.0000000e+01   4.2749873e+01   4.9228216e+01   4.9293652e+01   5.0000000e+01
   1.5932222e+01   1.5921009e+01   1.6222594e+01   1.7610824e+01   4.6478394e+01   5.0000000e+01   4.3913398e+01   4.0662510e+01   5.0000000e+01   4.7457244e+01   4.9420476e+01
   1.6611636e+01   1.5089244e+01   1.5889268e+01   4.4606519e+01   5.0000000e+01   4.5937611e+01   3.8828169e+01   4.5715492e+01   5.0000000e+01   5.0000000e+01   5.0000000e+01
   1.2022613e+01   1.4311903e+01   1.6276050e+01   4.5537533e+01   4.3301288e+01   4.4129159e+01   3.7835881e+01   4.8673648e+01   5.0000000e+01   5.0000000e+01   4.9620912e+01
   1.3582039e+01   1.4244770e+01   4.1882124e+01   4.6376432e+01   4.2173443e+01   3.8894464e+01   3.9494098e+01   5.0000000e+01   5.0000000e+01   5.0000000e+01   5.0000000e+01
   1.2930890e+01   5.0000000e+01   4.3927282e+01   4.4996977e+01   3.8838134e+01   3.3449521e+01   4.0497911e+01   5.0000000e+01   5.0000000e+01   5.0000000e+01   4.8904192e+01
   3.6390484e+01   3.8997620e+01   4.4485889e+01   4.1604320e+01   3.5374743e+01   3.3921091e+01   4.4436064e+01   5.0000000e+01   5.0000000e+01   4.9224270e+01   5.0000000e+01
   3.5831885e+01   4.0440860e+01   3.9513250e+01   3.3675301e+01   3.2134279e+01   3.5135707e+01   4.8263872e+01   5.0000000e+01   4.9049574e+01   4.8977683e+01   5.0000000e+01
   3.5264575e+01   4.0469390e+01   3.7951346e+01   3.0980876e+01   2.9778787e+01   3.7006281e+01   5.0000000e+01   4.8142884e+01   4.9577004e+01   5.0000000e+01   4.9947276e+01
   3.9354851e+01   3.8684145e+01   3.3031719e+01   2.8370185e+01   2.7014388e+01   3.8156159e+01   4.7985173e+01   4.9416368e+01   4.9864633e+01   4.7833457e+01   4.9594998e+01
   3.6194346e+01   3.3303853e+01   2.9633433e+01   2.6929487e+01   3.0262108e+01   4.2268970e+01   4.5462492e+01   4.8670815e+01   4.8986122e+01   5.0000000e+01   4.9587463e+01
   3.5304941e+01   2.9849644e+01   2.5114867e+01   2.4336967e+01   3.4485836e+01   4.6886670e+01   4.7486680e+01   4.5173515e+01   4.7407506e+01   4.9955249e+01   4.9493472e+01
   3.2096435e+01   2.6126994e+01   2.3491175e+01   2.5024091e+01   3.9540924e+01   4.2936784e+01   4.2871229e+01   4.6389755e+01   4.5917551e+01   5.0000000e+01   5.0000000e+01
   2.7179375e+01   2.0824862e+01   1.9415680e+01   2.8616224e+01   4.1727301e+01   4.1651284e+01   4.1717461e+01   4.4909784e+01   4.6945774e+01   5.0000000e+01   4.9207394e+01
   2.4617068e+01   1.9615117e+01   2.4337585e+01   3.2299763e+01   4.0637487e+01   4.2731757e+01   4.0720699e+01   4.3949230e+01   4.6562221e+01   5.0000000e+01   5.0000000e+01
   1.6909304e+01   1.7516940e+01   2.6695444e+01   3.4016942e+01   3.8831702e+01   3.7387219e+01   4.0644728e+01   4.2805650e+01   4.6655563e+01   5.0000000e+01   4.9537293e+01
   1.7926667e+01   2.1211224e+01   3.0219820e+01   3.8351184e+01   3.6269826e+01   3.8354997e+01   4.0710511e+01   4.1212457e+01   4.5947291e+01   5.0000000e+01   5.0000000e+01
   2.0578194e+01   2.6339913e+01   2.9587643e+01   3.6215810e+01   3.6212595e+01   3.6065097e+01   3.9019240e+01   4.2155155e+01   4.4719995e+01   5.0000000e+01   5.0000000e+01
   2.0278409e+01   3.0302883e+01   3.4606433e+01   3.3374437e+01   3.6145443e+01   3.7678130e+01   3.7369695e+01   4.2979659e+01   4.6393406e+01   5.0000000e+01   5.0000000e+01
   2.4767923e+01   3.5309646e+01   3.2378515e+01   3.2923650e+01   3.2330826e+01   3.6576318e+01   3.7970253e+01   4.2589011e+01   5.0000000e+01   4.9174929e+01   4.9411624e+01
   2.9568927e+01   3.2378890e+01   3.2520226e+01   3.2597143e+01   3.3362039e+01   3.5272934e+01   3.8483540e+01   4.5814873e+01   5.0000000e+01   5.0000000e+01   5.0000000e+01
   3.1660898e+01   3.0101627e+01   2.9761967e+01   2.9095283e+01   3.2499356e+01   3.4680946e+01   3.9446799e+01   4.6461760e+01   4.8565184e+01   4.9877051e+01   4.9863334e+01
   3.0396679e+01   3.1224229e+01   3.0501896e+01   2.9654018e+01   3.2278228e+01   3.4818572e+01   3.6740325e+01   4.6058378e+01   4.9414472e+01   4.9365397e+01   5.0000000e+01
   2.7445522e+01   2.5597022e+01   2.9599048e+01   3.0354074e+01   2.9712872e+01   3.5140317e+01   4.3775090e+01   5.0000000e+01   4.8369974e+01   4.8844996e+01   4.9383914e+01
   2.4882841e+01   2.6111111e+01   3.0859780e+01   2.9415387e+01   3.1499024e+01   3.4952649e+01   4.5720693e+01   4.8353373e+01   5.0000000e+01   5.0000000e+01   5.0000000e+01
   2.8208201e+01   2.6659334e+01   2.8183180e+01   2.9732122e+01   3.2704790e+01   3.8213455e+01   4.4676821e+01   4.9594693e+01   4.9329251e+01   5.0000000e+01   5.0000000e+01
   2.6225804e+01   2.7939330e+01   2.6821385e+01   3.0629763e+01   3.2203950e+01   3.6457903e+01   4.9891141e+01   5.0000000e+01   4.9842879e+01   5.0000000e+01   5.0000000e+01
   2.2603672e+01   2.5701085e+01   2.7680531e+01   3.0225576e+01   3.4790195e+01   4.1201657e+01   5.0000000e+01   5.0000000e+01   5.0000000e+01   4.9095955e+01   4.5311847e+01
   2.6440328e+01   2.7526626e+01   2.6938049e+01   2.8978562e+01   3.4587339e+01   4.4746416e+01   5.0000000e+01   4.9070818e+01   4.8017116e+01   5.0000000e+01   4.1175202e+01
   2.4627436e+01   2.6498008e+01   2.8022358e+01   3.3470176e+01   4.0510186e+01   4.8209094e+01   5.0000000e+01   4.7809249e+01   5.0000000e+01   5.0000000e+01   3.3840661e+01
   2.5929217e+01   2.6501805e+01   2.9619963e+01   3.3083942e+01   3.9128674e+01   5.0000000e+01   5.0000000e+01   5.0000000e+01   4.9295973e+01   5.0000000e+01   3.0467177e+01
   2.2056375e+01   2.3827950e+01   2.7853347e+01   3.3147817e+01   4.2107776e+01   4.9284851e+01   5.0000000e+01   4.9246118e+01   4.9778459e+01   4.3555685e+01   2.7562592e+01
   2.3917150e+01   2.3274928e+01   3.2636370e+01   3.3254405e+01   4.4907109e+01   5.0000000e+01   5.0000000e+01   5.0000000e+01   5.0000000e+01   3.8345757e+01   2.7788212e+01
   2.2554308e+01   2.8006680e+01   2.8886088e+01   3.4804914e+01   4.6986791e+01   4.9371629e+01   5.0000000e+01   5.0000000e+01   5.0000000e+01   3.7210825e+01   2.4648322e+01
   2.3531588e+01   2.6906709e+01   3.3229702e+01   3.7202105e+01   4.9813237e+01   4.9151846e+01   4.9146446e+01   5.0000000e+01   5.0000000e+01   3.4638576e+01   2.4185764e+01
   2.5013510e+01   2.5412418e+01   3.0320750e+01   3.8338756e+01   4.9406587e+01   5.0000000e+01   5.0000000e+01   5.0000000e+01   4.6845417e+01   3.0725520e+01   2.2987240e+01
   2.5385227e+01   2.6920081e+01   3.3805258e+01   4.1713995e+01   4.9522623e+01   5.0000000e+01   4.9023117e+01   5.0000000e+01   4.1195334e+01   3.0643083e+01   2.3965829e+01
   2.2456572e+01   2.7307083e+01   3.4866835e+01   4.2790174e+01   5.0000000e+01   4.8812725e+01   4.9128144e+01   5.0000000e+01   3.6780486e+01   2.7814225e+01   2.1990844e+01
   2.4553492e+01   2.7972500e+01   3.4154154e+01   4.8220653e+01   4.9550151e+01   4.9747630e+01   4.9760675e+01   4.9525783e+01   3.8267803e+01   2.8854630e+01   2.2611254e+01
   2.5800754e+01   2.9597495e+01   3.6603861e+01   4.9505951e+01   4.9961758e+01   5.0000000e+01   4.9708436e+01   4.9332812e+01   3.3504680e+01   2.5872383e+01   1.9930490e+01
   2.5185703e+01   3.0329076e+01   3.8186446e+01   5.0000000e+01   5.0000000e+01   4.8444587e+01   5.0000000e+01   4.7584233e+01   3.2115283e+01   2.4528685e+01   1.9917444e+01
   2.5752701e+01   3.2082989e+01   3.8342640e+01   5.0000000e+01   5.0000000e+01   4.8513682e+01   5.0000000e+01   4.6111587e+01   2.9291191e+01   2.3118974e+01   1.9836409e+01
   2.8935802e+01   3.1848622e+01   3.8810686e+01   4.9407120e+01   4.9755036e+01   4.9750511e+01   5.0000000e+01   4.2291745e+01   2.8669705e+01   2.3209382e+01   2.0918907e+01
   2.6934066e+01   2.9684134e+01   4.4884184e+01   5.0000000e+01   4.9857341e+01   5.0000000e+01   5.0000000e+01   4.2156818e+01   2.7270326e+01   2.4569195e+01   1.9196016e+01
   2.6642483e+01   3.2286491e+01   4.3112597e+01   4.8565875e+01   5.0000000e+01   4.9819193e+01   5.0000000e+01   3.9652449e+01   3.0517198e+01   2.2433949e+01   2.1136217e+01
   2.9067814e+01   3.4833538e+01   4.4834110e+01   4.9230978e+01   4.9531487e+01   5.0000000e+01   5.0000000e+01   3.9770727e+01   2.6891259e+01   2.2485889e+01   1.9522601e+01
   3.0324099e+01   3.3369381e+01   4.3309839e+01   5.0000000e+01   5.0000000e+01   5.0000000e+01   4.7850701e+01   3.8673071e+01   2.7236830e+01   2.0824190e+01   1.7427237e+01
   2.7631208e+01   3.5774977e+01   4.0811392e+01   4.9524988e+01   5.0000000e+01   4.9685180e+01   5.0000000e+01   3.9245535e+01   2.7023409e+01   2.2561312e+01   1.8020016e+01
   2.7744476e+01   3.4217437e+01   4.5568398e+01   5.0000000e+01   4.9558451e+01   4.9827670e+01   5.0000000e+01   3.8989155e+01   2.8340274e+01   2.2712858e+01   1.8321388e+01
   2.6752736e+01   3.5451922e+01   4.3942022e+01   4.8090126e+01   4.8507349e+01   5.0000000e+01   4.8476495e+01   3.8577521e+01   2.6073323e+01   2.1701441e+01   1.6923173e+01
   2.4740633e+01   3.2163991e+01   4.3023844e+01   4.9624208e+01   5.0000000e+01   5.0000000e+01   5.0000000e+01   3.9107528e+01   2.6929154e+01   2.2215429e+01   1.8319846e+01
   2.6422558e+01   3.4537983e+01   4.3618302e+01   4.9434201e+01   5.0000000e+01   4.8781618e+01   4.9913373e+01   4.1259365e+01   2.8121785e+01   2.0847555e+01   2.0351529e+01
   5.0000000e+01   3.2540910e+01   4.4652324e+01   5.0000000e+01   5.0000000e+01   5.0000000e+01   4.9361121e+01   3.8578706e+01   2.6579312e+01   2.3406616e+01   1.8095805e+01
   2.6245451e+01   3.2633518e+01   3.9398467e+01   5.0000000e+01   5.0000000e+01   4.9021434e+01   5.0000000e+01   4.4517881e+01   2.8943712e+01   2.1590115e+01   1.7741188e+01
   2.5655489e+01   3.1220616e+01   3.7685767e+01   5.0000000e+01   4.9338061e+01   4.9517107e+01   5.0000000e+01   4.5733188e+01   2.9306510e+01   2.3197688e+01   1.8182278e+01
   2.7388056e+01   2.9671499e+01   3.9235071e+01   4.9715339e+01   5.0000000e+01   5.0000000e+01   4.9637981e+01   4.5722422e+01   2.7749301e+01   2.3170853e+01   2.0234751e+01
   2.6438785e+01   3.0155515e+01   3.7041965e+01   4.8764264e+01   5.0000000e+01   4.9768424e+01   4.9863584e+01   4.8580222e+01   3.1335882e+01   2.5584808e+01   2.0233228e+01
   2.6244076e+01   2.7295690e+01   3.6531120e+01   4.9882653e+01   5.0000000e+01   4.9179712e+01   5.0000000e+01   4.9758708e+01   3.3648705e+01   2.4534705e+01   2.0598753e+01
   2.4674398e+01   3.0219198e+01   3.5268625e+01   4.8444940e+01   4.9431212e+01   4.9721088e+01   5.0000000e+01   5.0000000e+01   3.6574314e+01   2.4968110e+01   1.8557449e+01
   2.4588002e+01   2.7329987e+01   3.2207279e+01   4.7061447e+01   4.9925185e+01   4.8031702e+01   4.9865246e+01   4.9913555e+01   3.5130609e+01   2.7936980e+01   2.1309824e+01
   2.3824217e+01   2.5197053e+01   3.3594783e+01   4.0290936e+01   4.9262808e+01   5.0000000e+01   4.8646242e+01   5.0000000e+01   4.9373574e+01   3.0228513e+01   2.2053766e+01
   2.2895386e+01   2.6139153e+01   3.2331486e+01   3.8131351e+01   4.9433193e+01   4.9745675e+01   4.9720113e+01   5.0000000e+01   5.0000000e+01   2.8935134e+01   2.3469348e+01
   2.5451865e+01   2.7737809e+01   2.9462340e+01   4.1168668e+01   4.9518391e+01   5.0000000e+01   4.8447614e+01   5.0000000e+01   4.8631190e+01   2.9329068e+01   2.2809228e+01
   2.2147714e+01   2.4914437e+01   3.3148929e+01   3.9701640e+01   4.9646124e+01   4.9249492e+01   4.9004847e+01   4.8792490e+01   5.0000000e+01   5.0000000e+01   2.4109701e+01
   2.3925813e+01   2.1800896e+01   3.3492502e+01   3.8922532e+01   5.0000000e+01   5.0000000e+01   5.0000000e+01   4.9635174e+01   5.0000000e+01   5.0000000e+01   2.6227084e+01
   1.9380067e+01   2.5646342e+01   2.8136314e+01   4.0603836e+01   4.7406599e+01   5.0000000e+01   4.9997171e+01   4.8827931e+01   4.8751924e+01   5.0000000e+01   4.8447492e+01
   2.0715959e+01   2.2346176e+01   2.9364031e+01   4.1640575e+01   4.9160897e+01   4.8284434e+01   4.8627575e+01   5.0000000e+01   5.0000000e+01   5.0000000e+01   4.9590421e+01
   1.9700724e+01   2.3458123e+01   2.9669674e+01   4.1844508e+01   5.0000000e+01   4.9113040e+01   5.0000000e+01   4.9196737e+01   5.0000000e+01   4.9992494e+01   5.0000000e+01
   2.2256171e+01   2.6485658e+01   2.9507378e+01   4.1480530e+01   4.9850247e+01   4.8917983e+01   4.9649408e+01   4.9906241e+01   4.9609928e+01   5.0000000e+01   4.9491695e+01
   2.2937748e+01   2.4558477e+01   3.3677048e+01   4.6845477e+01   4.5652151e+01   4.7104276e+01   4.6050537e+01   4.7319943e+01   4.8971695e+01   5.0000000e+01   5.0000000e+01
   2.1246554e+01   2.5934089e+01   3.2750269e+01   4.5442752e+01   4.2352641e+01   4.0622098e+01   4.3887368e+01   5.0000000e+01   4.9225770e+01   5.0000000e+01   4.9469887e+01
   2.4418574e+01   2.8439150e+01   3.5663795e+01   4.1538685e+01   3.9101744e+01   4.0617851e+01   4.2065557e+01   5.0000000e+01   5.0000000e+01   4.9634359e+01   5.0000000e+01
   2.4301585e+01   3.0242486e+01   4.2176864e+01   4.0053181e+01   3.8310774e+01   3.7862895e+01   3.6488676e+01   5.0000000e+01   5.0000000e+01   4.9024887e+01   5.0000000e+01
   2.6393844e+01   3.7167020e+01   3.4936925e+01   3.3870892e+01   3.2770063e+01   3.1484336e+01   3.3815903e+01   5.0000000e+01   5.0000000e+01   5.0000000e+01   4.7430580e+01
   5.0000000e+01   3.4694637e+01   3.1029794e+01   3.1729896e+01   3.1700049e+01   3.4035131e+01   3.4684911e+01   5.0000000e+01   4.8858876e+01   4.8888698e+01   5.0000000e+01
   3.2419292e+01   3.0646064e+01   2.8079351e+01   2.9485690e+01   2.7857997e+01   2.9946791e+01   4.9174201e+01   5.0000000e+01   4.9431597e+01   4.8325128e+01   5.0000000e+01
   2.9874283e+01   2.5886489e+01   2.5136173e+01   2.7792171e+01   2.6862352e+01   2.9137496e+01   4.9436982e+01   4.9613925e+01   5.0000000e+01   4.8778356e+01   5.0000000e+01
   2.4743705e+01   2.3433320e+01   2.4218024e+01   2.4280643e+01   2.3847414e+01   5.0000000e+01   4.9705389e+01   5.0000000e+01   5.0000000e+01   5.0000000e+01   4.9763595e+01
   2.2682371e+01   2.2690260e+01   2.3740948e+01   2.5447228e+01   4.7924493e+01   4.9737992e+01   5.0000000e+01   5.0000000e+01   4.9442975e+01   5.0000000e+01   5.0000000e+01
   1.8651012e+01   2.0086847e+01   2.3861610e+01   5.0000000e+01   4.9268812e+01   4.9159899e+01   4.9663782e+01   4.9129250e+01   5.0000000e+01   4.9999794e+01   5.0000000e+01
   1.8062850e+01   2.1479039e+01   4.9631258e+01   4.9753073e+01   4.9282533e+01   5.0000000e+01   4.7519003e+01   4.9392024e+01   4.9933911e+01   5.0000000e+01   4.9257599e+01
   1.8665008e+01   5.0000000e+01   4.9347765e+01   4.8258303e+01   5.0000000e+01   5.0000000e+01   4.8805615e+01   4.8223444e+01   4.8617259e+01   5.0000000e+01   4.9468756e+01
   5.0000000e+01   5.0000000e+01   4.9953634e+01   4.9331415e+01   4.9963431e+01   4.9995277e+01   4.9527951e+01   4.9521951e+01   4.8126459e+01   5.0000000e+01   5.0000000e+01
   5.0000000e+01   4.9977396e+01   4.9158787e+01   5.0000000e+01   5.0000000e+01   4.9561759e+01   5.0000000e+01   5.0000000e+01   4.9950796e+01   4.9709389e+01   5.0000000e+01
   4.8267606e+01   4.8866052e+01   4.8942512e+01   5.0000000e+01   4.8576789e+01   5.0000000e+01   5.0000000e+01   5.0000000e+01   4.9917250e+01   4.9706614e+01   5.0000000e+01
   4.8994317e+01   4.8230196e+01   5.0000000e+01   5.0000000e+01   5.0000000e+01   5.0000000e+01   4.9731222e+01   5.0000000e+01   4.9337423e+01   4.9782773e+01   4.8862436e+01
   5.0000000e+01   5.0000000e+01   5.0000000e+01   4.8451760e+01   4.8384937e+01   4.9037000e+01   4.7993485e+01   4.9956717e+01   5.0000000e+01   4.8317480e+01   5.0000000e+01
   5.0000000e+01   4.8530483e+01   5.0000000e+01   4.9131461e+01   4.9837354e+01   4.9474294e+01   5.0000000e+01   5.0000000e+01   4.9902049e+01   4.6516746e+01   5.0000000e+01
   4.8517405e+01   4.9035146e+01   4.8798615e+01   4.8578103e+01   4.9676608e+01   4.9538364e+01   5.0000000e+01   4.9589075e+01   5.0000000e+01   4.3680009e+01   4.8873611e+01
   5.0000000e+01   5.0000000e+01   5.0000000e+01   5.0000000e+01   4.9971368e+01   5.0000000e+01   4.8596225e+01   5.0000000e+01   5.0000000e+01   4.1815291e+01   4.6870097e+01
   4.9508799e+01   4.9389641e+01   5.0000000e+01   4.9812738e+01   4.9413570e+01   4.9826998e+01   4.8993910e+01   5.0000000e+01   5.0000000e+01   3.8354753e+01   4.3149534e+01
   4.9412671e+01   5.0000000e+01   4.7724337e+01   5.0000000e+01   5.0000000e+01   4.8847559e+01   5.0000000e+01   4.9908313e+01   5.0000000e+01   4.1112548e+01   4.0274880e+01
   5.0000000e+01   5.0000000e+01   4.9646402e+01   4.9109092e+01   5.0000000e+01   4.9391714e+01   5.0000000e+01   5.0000000e+01   4.9102414e+01   4.0379089e+01   3.6195756e+01
   4.9915217e+01   4.9629599e+01   5.0000000e+01   4.8553153e+01   4.8036769e+01   5.0000000e+01   5.0000000e+01   4.8294849e+01   4.9819021e+01   4.2483115e+01   3.3663852e+01
   4.9083554e+01   4.9952619e+01   5.0000000e+01   5.0000000e+01   4.9906454e+01   5.0000000e+01   4.9347943e+01   5.0000000e+01   4.9838733e+01   5.0000000e+01   3.4652243e+01
   5.0000000e+01   5.0000000e+01   4.9318610e+01   5.0000000e+01   4.9148376e+01   4.9009852e+01   4.8496105e+01   5.0000000e+01   5.0000000e+01   4.9295724e+01   4.0540639e+01
   4.8821687e+01   4.7846450e+01   4.9064239e+01   5.0000000e+01   5.0000000e+01   4.9960093e+01   5.0000000e+01   4.8869482e+01   4.8994924e+01   5.0000000e+01   4.9426223e+01
   4.9912957e+01   4.9860982e+01   4.9810347e+01   4.9968898e+01   5.0000000e+01   5.0000000e+01   5.0000000e+01   5.0000000e+01   4.9891965e+01   5.0000000e+01   4.9458645e+01
   5.0000000e+01   4.9001724e+01   4.9886029e+01   5.0000000e+01   4.8432262e+01   5.0000000e+01   5.0000000e+01   4.9697854e+01   4.9658664e+01   5.0000000e+01   5.0000000e+01
   4.9377808e+01   4.9336824e+01   4.7127112e+01   4.8881392e+01   5.0000000e+01   5.0000000e+01   5.0000000e+01   4.8870911e+01   5.0000000e+01   5.0000000e+01   5.0000000e+01
   4.8646337e+01   5.0000000e+01   5.0000000e+01   4.7843270e+01   5.0000000e+01   4.9464082e+01   5.0000000e+01   4.9613854e+01   4.9233870e+01   5.0000000e+01   5.0000000e+01
   4.5214149e+01   5.0000000e+01   4.8901763e+01   4.9106959e+01   5.0000000e+01   5.0000000e+01   4.9674342e+01   4.8369142e+01   4.9340720e+01   5.0000000e+01   4.9159805e+01
   4.2678408e+01   4.7510419e+01   4.9454009e+01   5.0000000e+01   4.8242830e+01   4.8584825e+01   5.0000000e+01   4.6286045e+01   4.6581407e+01   4.8502474e+01   5.0000000e+01
   4.3468144e+01   4.5249528e+01   4.9520498e+01   5.0000000e+01   5.0000000e+01   4.9356870e+01   4.9669496e+01   4.9601738e+01   5.0000000e+01   4.4990344e+01   5.0000000e+01
   4.0703219e+01   4.4112812e+01   5.0000000e+01   4.9619161e+01   4.9053910e+01   4.9856914e+01   5.0000000e+01   5.0000000e+01   4.2771977e+01   4.2577966e+01   4.3759868e+01
   3.8447852e+01   4.0965429e+01   5.0000000e+01   4.9944412e+01   4.9403701e+01   4.9415488e+01   4.9345148e+01   5.0000000e+01   3.9643707e+01   3.9904701e+01   4.1759740e+01
   3.9542626e+01   3.6954487e+01   4.9708853e+01   5.0000000e+01   4.8071003e+01   4.9539857e+01   5.0000000e+01   5.0000000e+01   4.2726531e+01   3.8953965e+01   3.6843536e+01
   3.6531420e+01   4.5422879e+01   5.0000000e+01   4.7522451e+01   5.0000000e+01   5.0000000e+01   4.9201035e+01   5.0000000e+01   5.0000000e+01   3.5367626e+01   3.5908504e+01
   3.3847708e+01   4.8773247e+01   4.9709850e+01   4.9322078e+01   4.9787518e+01   5.0000000e+01   5.0000000e+01   5.0000000e+01   5.0000000e+01   3.3986739e+01   3.5602436e+01
   3.2978739e+01   5.0000000e+01   4.9053436e+01   5.0000000e+01   4.8522341e+01   5.0000000e+01   5.0000000e+01   4.9409342e+01   4.9596944e+01   2.9251363e+01   3.3242498e+01
   3.1629441e+01   5.0000000e+01   4.9853247e+01   5.0000000e+01   4.9132554e+01   5.0000000e+01   4.9758519e+01   5.0000000e+01   4.8033109e+01   3.4000338e+01   2.7332853e+01
   3.3532753e+01   4.8915009e+01   4.9577872e+01   4.9832564e+01   5.0000000e+01   4.9941779e+01   4.9933719e+01   4.8490330e+01   4.9953361e+01   4.9498712e+01   2.7949849e+01
   4.9509635e+01   4.7898087e+01   4.9425597e+01   5.0000000e+01   4.9685187e+01   4.7611519e+01   4.9865647e+01   4.7858254e+01   4.8782419e+01   4.8866747e+01   2.7226614e+01
   5.0000000e+01   5.0000000e+01   4.8900772e+01   5.0000000e+01   4.8241278e+01   4.8773225e+01   5.0000000e+01   4.9530477e+01   4.9827885e+01   5.0000000e+01   3.2377619e+01
   5.0000000e+01   4.9734558e+01   5.0000000e+01   5.0000000e+01   4.3339356e+01   4.6967666e+01   5.0000000e+01   4.9899693e+01   4.8738165e+01   4.9340178e+01   2.7135082e+01
   5.0000000e+01   5.0000000e+01   4.8325922e+01   4.8315049e+01   3.9345463e+01   4.6625091e+01   4.8949390e+01   4.9991221e+01   4.9188699e+01   4.7779013e+01   2.5488332e+01
   4.8801798e+01   4.9423388e+01   5.0000000e+01   4.1861988e+01   3.8373547e+01   4.8913705e+01   5.0000000e+01   4.8644712e+01   4.9468509e+01   4.8540444e+01   3.3207827e+01
   4.9672705e+01   5.0000000e+01   4.5443938e+01   3.8246202e+01   4.0629082e+01   4.9080356e+01   5.0000000e+01   4.8645313e+01   4.7595136e+01   5.0000000e+01   3.2379960e+01
   5.0000000e+01   4.7742117e+01   3.8881650e+01   3.6135904e+01   4.0035663e+01   4.9239811e+01   4.9864339e+01   4.9288720e+01   4.9996756e+01   5.0000000e+01   2.6115690e+01
   4.9249792e+01   4.0953811e+01   3.2196687e+01   3.8350302e+01   4.8765267e+01   5.0000000e+01   4.9095276e+01   4.9819445e+01   5.0000000e+01   5.0000000e+01   2.5964091e+01
   4.1116642e+01   3.4485138e+01   3.5509111e+01   3.9338189e+01   4.9548825e+01   4.8413636e+01   4.9521369e+01   4.9222035e+01   4.8819270e+01   3.5688830e+01   2.4253101e+01
   3.4962609e+01   2.9894122e+01   3.3402940e+01   4.9031348e+01   5.0000000e+01   5.0000000e+01   5.0000000e+01   5.0000000e+01   5.0000000e+01   3.3018093e+01   2.2763100e+01
   2.9277768e+01   3.1061301e+01   3.6360176e+01   5.0000000e+01   4.9206192e+01   4.9567517e+01   5.0000000e+01   5.0000000e+01   4.4018826e+01   2.9784474e+01   2.0312384e+01
   2.8419727e+01   3.1118055e+01   5.0000000e+01   5.0000000e+01   4.8806906e+01   4.9833575e+01   5.0000000e+01   4.9549575e+01   4.4427313e+01   2.9910252e+01   2.0446816e+01
   2.8428715e+01   3.0406880e+01   5.0000000e+01   5.0000000e+01   5.0000000e+01   4.9762651e+01   4.9878363e+01   4.9596773e+01   3.8416807e+01   2.6455366e+01   2.1383275e+01
   2.7035113e+01   5.0000000e+01   5.0000000e+01   5.0000000e+01   5.0000000e+01   4.8470146e+01   4.9420859e+01   5.0000000e+01   3.7275139e+01   2.4074322e+01   2.1677290e+01
   2.8133807e+01   3.1976979e+01   4.9573962e+01   4.9923379e+01   4.9291140e+01   4.9833870e+01   5.0000000e+01   5.0000000e+01   3.6456278e+01   2.4035385e+01   1.8882831e+01
   2.6292047e+01   4.9567672e+01   4.9987731e+01   5.0000000e+01   4.9182757e+01   4.9726626e+01   4.9981353e+01   4.9658206e+01   3.5534561e+01   2.4792691e+01   1.8357284e+01
   2.6959535e+01   5.0000000e+01   5.0000000e+01   4.8940458e+01   4.9965561e+01   5.0000000e+01   5.0000000e+01   4.8895895e+01   3.7120241e+01   2.8556809e+01   2.1027765e+01
   5.0000000e+01   4.8972869e+01   4.9063081e+01   4.9765897e+01   4.6560563e+01   4.8147846e+01   4.9405649e+01   5.0000000e+01   3.7970087e+01   2.7039864e+01   1.9999460e+01
   5.0000000e+01   5.0000000e+01   4.9030320e+01   5.0000000e+01   4.8845116e+01   4.7280760e+01   4.8062611e+01   4.4586774e+01   4.1605104e+01   2.9306788e+01   2.2192691e+01
   5.0000000e+01   5.0000000e+01   4.8355576e+01   5.0000000e+01   4.7312908e+01   4.5240069e+01   4.4217936e+01   4.4049617e+01   4.5025937e+01   3.1712874e+01   2.5678566e+01
   2.4975757e+01   5.0000000e+01   5.0000000e+01   5.0000000e+01   4.7311614e+01   4.3652977e+01   4.2461052e+01   4.3456310e+01   4.2234247e+01   3.4423344e+01   2.5544390e+01
   5.0000000e+01   4.9862744e+01   4.7009251e+01   5.0000000e+01   4.6944168e+01   4.3650184e+01   4.1819644e+01   3.9047297e+01   3.9432794e+01   3.9996244e+01   2.7929150e+01
   2.0527452e+01   4.9858322e+01   5.0000000e+01   4.7854961e+01   4.4433081e+01   4.3012584e+01   4.1091769e+01   3.7899262e+01   4.0533889e+01   3.8824248e+01   3.3025966e+01
   2.0317673e+01   5.0000000e+01   5.0000000e+01   5.0000000e+01   4.4591044e+01   3.9815991e+01   3.8627259e+01   3.7984634e+01   3.7526383e+01   4.0157080e+01   4.0718422e+01
   1.9935428e+01   5.0000000e+01   4.7921505e+01   4.9594486e+01   4.4980434e+01   3.8478554e+01   3.6797680e+01   3.7955539e+01   3.7386380e+01   3.8462834e+01   3.7639242e+01
   1.6376307e+01   5.0000000e+01   5.0000000e+01   5.0000000e+01   4.5753005e+01   3.9447793e+01   3.9047938e+01   3.6450838e+01   3.4939210e+01   3.4513969e+01   3.7236431e+01
   1.4968202e+01   5.0000000e+01   5.0000000e+01   4.9531003e+01   4.7421948e+01   4.2483075e+01   3.8208205e+01   3.4379883e+01   3.3057509e+01   3.4453809e+01   3.1989832e+01
   4.9376135e+01   5.0000000e+01   4.8960837e+01   5.0000000e+01   4.8593553e+01   3.7493669e+01   3.7422773e+01   3.3271028e+01   3.5054282e+01   3.3087237e+01   3.2238449e+01
   4.9752386e+01   4.8924986e+01   5.0000000e+01   5.0000000e+01   4.8047822e+01   4.1722959e+01   3.6385077e+01   3.3882593e+01   3.3209694e+01   3.0780949e+01   3.0005127e+01
   5.0000000e+01   5.0000000e+01   5.0000000e+01   4.9931405e+01   4.9009813e+01   4.3100268e+01   3.4993841e+01   3.2293523e+01   2.9133148e+01   2.7750591e+01   2.8674230e+01
   5.0000000e+01   5.0000000e+01   5.0000000e+01   5.0000000e+01   4.8707557e+01   4.2562694e+01   3.5144321e+01   3.2052804e+01   2.8924139e+01   2.7430403e+01   2.7166912e+01
   4.9758466e+01   4.8784231e+01   4.9687228e+01   5.0000000e+01   4.9651073e+01   4.2281091e+01   3.6400671e+01   3.2067512e+01   2.8375462e+01   2.7927387e+01   2.5095407e+01
   4.3928152e+01   4.8373422e+01   5.0000000e+01   5.0000000e+01   4.9991689e+01   4.3493951e+01   3.4255511e+01   3.2688958e+01   2.6728904e+01   2.3573664e+01   2.5173993e+01
   4.1311943e+01   5.0000000e+01   4.7773303e+01   5.0000000e+01   5.0000000e+01   4.3183646e+01   3.4568044e+01   3.1683426e+01   2.8016913e+01   2.4441546e+01   2.3293545e+01
   3.8352665e+01   4.9400517e+01   5.0000000e+01   5.0000000e+01   4.9111561e+01   4.2724970e+01   3.1754565e+01   3.0970239e+01   2.5107824e+01   2.5268335e+01   2.2870548e+01
   3.7998220e+01   5.0000000e+01   4.9218643e+01   4.9472385e+01   4.9858204e+01   4.2591182e+01   3.3292010e+01   2.8910182e+01   2.6157661e+01   1.8702980e+01   2.1039409e+01
   3.9731957e+01   4.9836100e+01   4.9938350e+01   4.9756980e+01   4.9312840e+01   4.4406925e+01   3.5634303e+01   2.9391727e+01   2.4856057e+01   2.2225911e+01   2.1513263e+01
   3.6547124e+01   5.0000000e+01   5.0000000e+01   4.8061762e+01   4.7776202e+01   4.7884250e+01   3.1398202e+01   2.7375513e+01   2.4257109e+01   2.2977205e+01   1.7740992e+01
   3.4759496e+01   4.8447594e+01   5.0000000e+01   5.0000000e+01   4.9138823e+01   4.6848985e+01   3.3512978e+01   2.7486255e+01   2.4224330e+01   1.9720197e+01   5.0000000e+01
   3.2989376e+01   4.9162899e+01   5.0000000e+01   4.9136070e+01   5.0000000e+01   4.8149326e+01   3.4327120e+01   2.7910250e+01   2.2310512e+01   1.8317776e+01   1.8402698e+01
   3.6080935e+01   4.8466869e+01   5.0000000e+01   5.0000000e+01   5.0000000e+01   4.9413861e+01   3.2938195e+01   2.9056677e+01   2.1916692e+01   2.0615191e+01   1.7893456e+01
   3.7154028e+01   4.8421408e+01   5.0000000e+01   5.0000000e+01   4.9167887e+01   4.9432483e+01   3.6772679e+01   2.4537274e+01   1.9853775e+01   1.8466101e+01   1.8244808e+01
   3.6255131e+01   4.6611544e+01   5.0000000e+01   4.9459383e+01   4.8882529e+01   4.9904830e+01   3.3617414e+01   2.5056513e+01   2.1442848e+01   2.0030350e+01   1.6171700e+01
   3.3452064e+01   4.3758768e+01   5.0000000e+01   5.0000000e+01   4.8949915e+01   4.9485957e+01   3.7418485e+01   2.4336628e+01   2.1598560e+01   1.8374543e+01   1.6706999e+01
   3.4245422e+01   4.3823432e+01   4.8501071e+01   5.0000000e+01   4.9790369e+01   5.0000000e+01   4.0509347e+01   2.8369083e+01   2.2613162e+01   1.7755580e+01   1.4769371e+01
   3.2978895e+01   4.1293797e+01   4.8844200e+01   4.9056221e+01   4.9866332e+01   4.9237049e+01   4.2717267e+01   2.8021706e+01   2.3201916e+01   1.6968216e+01   5.0000000e+01
   3.2528631e+01   4.0521532e+01   5.0000000e+01   4.8503607e+01   5.0000000e+01   5.0000000e+01   4.9372282e+01   3.2220239e+01   1.9925580e+01   1.5382133e+01   1.3694839e+01
   3.0048599e+01   3.8357595e+01   4.7587457e+01   4.8369753e+01   5.0000000e+01   5.0000000e+01   5.0000000e+01   3.2272319e+01   2.4909835e+01   2.0113292e+01   1.4896628e+01
   3.1395109e+01   3.5433616e+01   4.6693887e+01   4.8368891e+01   4.8346861e+01   4.8935345e+01   4.9615903e+01   3.3959446e+01   2.5646076e+01   1.7801841e+01   5.0000000e+01
   3.0373670e+01   3.4414217e+01   4.5192512e+01   4.7857348e+01   5.0000000e+01   4.8660140e+01   5.0000000e+01   3.8580236e+01   2.4871654e+01   2.0106183e+01   1.7945853e+01
   2.8890783e+01   3.1981060e+01   4.4863734e+01   5.0000000e+01   5.0000000e+01   5.0000000e+01   4.9833485e+01   4.6720105e+01   2.9401144e+01   2.0009684e+01   1.6396075e+01
   2.7810587e+01   3.3248038e+01   4.0361455e+01   4.9726128e+01   5.0000000e+01   4.9575560e+01   4.9200347e+01   4.7714786e+01   3.0081206e+01   2.1771847e+01   1.8572924e+01
   2.6854746e+01   3.1312326e+01   4.0336274e+01   4.9016360e+01   4.9707568e+01   5.0000000e+01   4.9477424e+01   4.8474658e+01   2.8342036e+01   2.0718884e+01   1.7704942e+01
   2.6180758e+01   3.0206785e+01   3.8339591e+01   5.0000000e+01   4.9331627e+01   5.0000000e+01   5.0000000e+01   5.0000000e+01   3.6043297e+01   2.4397928e+01   1.9275183e+01
   2.4314880e+01   2.9200257e+01   3.7124430e+01   4.6467691e+01   5.0000000e+01   5.0000000e+01   4.9094438e+01   5.0000000e+01   3.6405309e+01   2.6613480e+01   2.0695152e+01
   2.5468703e+01   2.9804046e+01   3.3632291e+01   4.5906709e+01   5.0000000e+01   4.9689812e+01   5.0000000e+01   5.0000000e+01   3.3600512e+01   2.7486466e+01   2.0096632e+01
   2.3150366e+01   2.7394096e+01   3.5545651e+01   4.6334584e+01   4.9856317e+01   4.9842482e+01   4.9617371e+01   5.0000000e+01   3.4506119e+01   2.5560099e+01   2.2360239e+01
   2.4344544e+01   2.5517046e+01   3.1884898e+01   4.3405059e+01   5.0000000e+01   4.8681823e+01   4.8550403e+01   4.9474131e+01   4.2300922e+01   2.7932675e+01   2.3877646e+01
   2.4072485e+01   2.5564254e+01   3.2355614e+01   4.2859808e+01   5.0000000e+01   5.0000000e+01   4.9592584e+01   5.0000000e+01   4.5237217e+01   3.3347158e+01   2.5317788e+01
   2.2615619e+01   2.7090798e+01   2.9646139e+01   4.3511351e+01   5.0000000e+01   5.0000000e+01   4.8635754e+01   5.0000000e+01   4.4241264e+01   2.8565885e+01   2.4675315e+01
   2.1892829e+01   2.5835133e+01   3.0175527e+01   5.0000000e+01   5.0000000e+01   4.8412548e+01   5.0000000e+01   4.9729513e+01   4.5630385e+01   3.2397503e+01   2.5962805e+01
   2.1413085e+01   2.6755136e+01   3.0392121e+01   4.9698129e+01   5.0000000e+01   5.0000000e+01   5.0000000e+01   4.9836763e+01   4.5838714e+01   3.3214347e+01   2.1499744e+01
   2.3864453e+01   2.6720640e+01   3.0893287e+01   5.0000000e+01   5.0000000e+01   5.0000000e+01   5.0000000e+01   5.0000000e+01   4.5350673e+01   3.2535526e+01   2.7049686e+01
   2.2606052e+01   2.6457711e+01   3.0827535e+01   5.0000000e+01   5.0000000e+01   4.9460223e+01   4.8762254e+01   5.0000000e+01   4.2945705e+01   3.3110080e+01   2.5711977e+01
   2.3138636e+01   2.5545037e+01   5.0000000e+01   5.0000000e+01   5.0000000e+01   4.7679876e+01   5.0000000e+01   4.8371369e+01   4.3491596e+01   3.3156476e+01   2.5510204e+01
   2.1659850e+01   2.3274542e+01   4.9954053e+01   5.0000000e+01   5.0000000e+01   5.0000000e+01   4.8835726e+01   4.7307504e+01   4.1046548e+01   2.9897904e+01   2.4003405e+01
   2.2949632e+01   4.9470612e+01   4.8169188e+01   4.9073593e+01   4.9934483e+01   4.9974482e+01   5.0000000e+01   4.9847778e+01   3.8445069e+01   2.9278905e+01   2.5872586e+01
   2.1225503e+01   4.9285893e+01   5.0000000e+01   5.0000000e+01   5.0000000e+01   4.8299034e+01   5.0000000e+01   5.0000000e+01   3.7230368e+01   2.9305886e+01   2.1047695e+01
   4.8645808e+01   5.0000000e+01   4.9603848e+01   5.0000000e+01   4.9093661e+01   4.7223271e+01   4.9753741e+01   5.0000000e+01   3.4849889e+01   2.8814605e+01   2.4092961e+01
   5.0000000e+01   4.8847570e+01   5.0000000e+01   4.9231259e+01   4.6268864e+01   4.6025347e+01   4.7713785e+01   4.6631040e+01   3.7227521e+01   2.7072381e+01   2.4370682e+01
   4.8934750e+01   5.0000000e+01   4.8488008e+01   4.9987864e+01   4.3206900e+01   4.3037925e+01   4.5987367e+01   4.5655700e+01   3.5117390e+01   2.4816153e+01   2.4128595e+01
   5.0000000e+01   4.8712854e+01   5.0000000e+01   5.0000000e+01   4.0135161e+01   4.0380254e+01   4.4167907e+01   4.0376852e+01   2.9816248e+01   2.6126389e+01   2.1393122e+01
   5.0000000e+01   4.7940449e+01   4.8875807e+01   5.0000000e+01   3.8898171e+01   3.8709651e+01   4.0421984e+01   4.2421541e+01   3.4324806e+01   2.6566910e+01   2.2917746e+01
   4.8771966e+01   4.3461469e+01   4.9714395e+01   4.9386282e+01   3.7124716e+01   3.5803721e+01   3.6931154e+01   3.8747082e+01   3.2382848e+01   2.6045843e+01   2.1154887e+01
   4.5249560e+01   4.2618527e+01   5.0000000e+01   5.0000000e+01   3.4723023e+01   3.6294686e+01   3.5419293e+01   3.7579946e+01   3.0830990e+01   2.6848136e+01   2.1327002e+01
   4.5951552e+01   4.4287332e+01   5.0000000e+01   5.0000000e+01   3.1637442e+01   3.4316660e+01   3.2245320e+01   3.3700534e+01   3.5235897e+01   2.6878394e+01   2.2507501e+01
   4.3412350e+01   4.1275155e+01   4.9732151e+01   4.9941264e+01   3.0581645e+01   5.0000000e+01   3.1779854e+01   3.4768524e+01   3.2459036e+01   2.6995909e+01   2.2157017e+01
   4.1642759e+01   3.9514740e+01   4.8645246e+01   4.9167396e+01   2.8944193e+01   2.6500193e+01   2.8785336e+01   2.8214995e+01   3.2513209e+01   2.7292995e+01   2.4283771e+01
   4.1665378e+01   3.7014889e+01   4.3263283e+01   4.8964206e+01   2.6916805e+01   2.6189516e+01   2.6471445e+01   2.6739158e+01   2.8977050e+01   2.6534076e+01   2.5742329e+01
   4.0330955e+01   3.4999619e+01   4.0564661e+01   4.9612755e+01   2.5292494e+01   2.4575714e+01   2.4348212e+01   2.4585830e+01   2.5018830e+01   5.0000000e+01   2.6875915e+01
   4.1971612e+01   3.4820404e+01   3.6274791e+01   4.6722874e+01   4.6621750e+01   2.4417992e+01   2.0403670e+01   2.3079268e+01   2.3012735e+01   2.4528876e+01   2.5939361e+01
   4.2119026e+01   3.6214930e+01   3.5448141e+01   3.9719201e+01   4.9491617e+01   2.2938474e+01   2.2066550e+01   2.1608476e+01   2.0930507e+01   2.2364930e+01   2.3152025e+01
   4.8596485e+01   3.8095755e+01   3.2437009e+01   3.1930775e+01   4.1632528e+01   4.5833599e+01   2.1691309e+01   1.9380158e+01   1.8833193e+01   2.0625537e+01   2.1588109e+01
   5.0000000e+01   4.2982627e+01   3.3473480e+01   3.1093102e+01   3.5868348e+01   4.0996437e+01   2.1176942e+01   1.9614813e+01   1.9259929e+01   1.6453895e+01   1.9353818e+01
   5.0000000e+01   4.9263246e+01   3.6721704e+01   3.0697189e+01   2.6724586e+01   3.6107675e+01   4.3201254e+01   1.8810472e+01   1.7144914e+01   1.9346089e+01   1.6727264e+01
   4.8556565e+01   4.8569126e+01   4.7047788e+01   3.1661204e+01   2.6604971e+01   2.9708978e+01   3.6513229e+01   4.1568861e+01   1.8310625e+01   1.4435631e+01   1.7512901e+01
   4.9872181e+01   5.0000000e+01   5.0000000e+01   3.8901719e+01   2.7032539e+01   2.6163509e+01   3.0648168e+01   3.5203192e+01   3.9518002e+01   1.3770005e+01   1.4589999e+01
   5.0000000e+01   5.0000000e+01   5.0000000e+01   5.0000000e+01   3.3671638e+01   2.4311467e+01   2.5593301e+01   3.1943772e+01   3.5231426e+01   3.6092546e+01   3.5714079e+01
   4.9394932e+01   4.8316691e+01   5.0000000e+01   4.8621153e+01   4.0351080e+01   3.0276147e+01   2.2652436e+01   2.1607622e+01   2.8300340e+01   3.3188919e+01   3.6428651e+01
   4.9345079e+01   4.9406923e+01   4.7532797e+01   5.0000000e+01   4.9075644e+01   2.9867217e+01   2.4621163e+01   1.9669199e+01   2.1864429e+01   2.8998867e+01   3.5470005e+01
   5.0000000e+01   5.0000000e+01   4.9304587e+01   5.0000000e+01   5.0000000e+01   3.6969010e+01   2.6743318e+01   2.2136615e+01   2.0260275e+01   2.4860290e+01   2.8259137e+01
   5.0000000e+01   5.0000000e+01   5.0000000e+01   4.9790208e+01   5.0000000e+01   4.2768267e+01   2.7677715e+01   2.1131526e+01   1.8084277e+01   1.7287812e+01   2.3769299e+01
   4.8931941e+01   4.8877579e+01   5.0000000e+01   4.8242161e+01   4.9202558e+01   4.8966915e+01   3.1554051e+01   2.2645602e+01   1.7758672e+01   1.5295527e+01   1.6002481e+01
   5.0000000e+01   5.0000000e+01   5.0000000e+01   4.6667940e+01   4.5864010e+01   4.7425316e+01   4.0185416e+01   2.5034011e+01   1.8516589e+01   1.6004118e+01   1.2816304e+01
   4.9172041e+01   5.0000000e+01   4.8357067e+01   4.6947776e+01   4.3755179e+01   4.3719035e+01   4.6293827e+01   2.9197622e+01   2.0876618e+01   1.8205608e+01   1.5480309e+01
   4.9714484e+01   4.7968506e+01   4.9436320e+01   4.6784129e+01   4.2100401e+01   4.1694826e+01   4.2610764e+01   3.7400283e+01   2.3803599e+01   2.0133379e+01   1.6244076e+01
   5.0000000e+01   4.8250099e+01   4.7759387e+01   4.4900006e+01   4.2508283e+01   3.6872311e+01   4.0989597e+01   4.1137027e+01   3.0634415e+01   2.0034257e+01   1.7330814e+01
   5.0000000e+01   5.0000000e+01   4.9438612e+01   4.3036243e+01   4.0822854e+01   3.9336663e+01   3.8548592e+01   4.0653790e+01   3.2842732e+01   2.1094391e+01   1.6006579e+01
   4.8565520e+01   5.0000000e+01   4.8707888e+01   4.1398048e+01   3.9323620e+01   3.6963338e+01   3.3527265e+01   3.4078643e+01   3.7301445e+01   2.8553429e+01   2.0679262e+01
   4.8713496e+01   4.9562749e+01   4.8208688e+01   4.2031028e+01   3.9482624e+01   3.5270326e+01   3.4305711e+01   3.3499483e+01   3.1706023e+01   3.4396352e+01   2.6491143e+01
   5.0000000e+01   5.0000000e+01   4.9512189e+01   4.4874605e+01   3.8373673e+01   3.4986787e+01   3.2553417e+01   3.3094492e+01   3.1970080e+01   3.3905904e+01   3.3421241e+01
   4.9301410e+01   5.0000000e+01   4.7697900e+01   4.2252562e+01   3.8128012e+01   3.4396507e+01   3.1476364e+01   3.2220663e+01   2.9811749e+01   2.9733462e+01   2.8464799e+01
   4.8551981e+01   4.9891256e+01   5.0000000e+01   4.4897225e+01   4.0938181e+01   3.6439763e+01   3.0569162e+01   2.9340625e+01   2.8522368e+01   2.7196997e+01   2.8175205e+01
   4.8343399e+01   4.9673549e+01   5.0000000e+01   5.0000000e+01   3.8062791e+01   3.4618688e+01   3.0537478e+01   2.9808896e+01   2.5574589e+01   2.5536461e+01   2.6132801e+01
   4.9437205e+01   5.0000000e+01   5.0000000e+01   4.7508943e+01   4.1566696e+01   3.4665012e+01   3.0071311e+01   2.8257941e+01   2.4724677e+01   2.5034884e+01   2.3656189e+01
   5.0000000e+01   4.9995963e+01   5.0000000e+01   4.9159136e+01   5.0000000e+01   4.1015980e+01   3.1610955e+01   2.8516945e+01   2.5880961e+01   2.5322384e+01   2.3433440e+01
   3.6173025e+01   5.0000000e+01   5.0000000e+01   4.9792852e+01   5.0000000e+01   4.4251391e+01   3.5743671e+01   2.9140541e+01   2.6449704e+01   2.4599663e+01   2.1547698e+01
   2.7281884e+01   4.9506573e+01   4.9528441e+01   4.9548772e+01   5.0000000e+01   5.0000000e+01   3.4714397e+01   3.1574608e+01   2.5385501e+01   2.4967791e+01   2.1161674e+01
   2.7361323e+01   4.2211732e+01   5.0000000e+01   5.0000000e+01   4.8435985e+01   4.7675852e+01   4.3173858e+01   3.5582184e+01   2.7182204e+01   2.5491299e+01   2.1139299e+01
   2.4857014e+01   3.3754656e+01   4.9080320e+01   4.8383586e+01   5.0000000e+01   4.9959292e+01   4.7722388e+01   3.5506551e+01   3.1216516e+01   2.2892465e+01   2.2361050e+01
   2.3326086e+01   3.1016876e+01   4.8708382e+01   4.9534115e+01   4.8927741e+01   5.0000000e+01   4.9119994e+01   3.7285257e+01   2.7811284e+01   2.2100451e+01   2.1566498e+01
   2.4175828e+01   2.7163779e+01   4.0763488e+01   5.0000000e+01   4.9053488e+01   4.9792564e+01   5.0000000e+01   4.0063854e+01   3.0259277e+01   2.5696671e+01   2.2976512e+01
   2.2153173e+01   3.0587048e+01   3.9924544e+01   5.0000000e+01   5.0000000e+01   5.0000000e+01   4.9772365e+01   3.9864121e+01   3.2365620e+01   2.4263335e+01   2.3020932e+01
   2.2964026e+01   2.6057653e+01   3.7472817e+01   5.0000000e+01   5.0000000e+01   5.0000000e+01   4.9636250e+01   4.4859123e+01   3.1646597e+01   2.4036168e+01   2.1646703e+01
   2.0077388e+01   2.7119050e+01   3.5078846e+01   4.9087736e+01   5.0000000e+01   4.9457269e+01   5.0000000e+01   4.8188735e+01   3.6012444e+01   2.9106080e+01   2.1415965e+01
   2.1429806e+01   2.5972903e+01   3.1452043e+01   4.8365885e+01   5.0000000e+01   5.0000000e+01   5.0000000e+01   4.9910581e+01   3.6918155e+01   2.9203834e+01   2.2747376e+01
   2.1966303e+01   2.6176639e+01   3.0422074e+01   4.5566230e+01   4.9667098e+01   5.0000000e+01   5.0000000e+01   4.7720547e+01   3.5424451e+01   2.7083916e+01   2.4848077e+01
   2.1442095e+01   2.4782809e+01   3.2478974e+01   4.3787840e+01   5.0000000e+01   5.0000000e+01   5.0000000e+01   5.0000000e+01   4.2271436e+01   3.0101654e+01   2.5994201e+01
   1.8951629e+01   2.3271715e+01   3.0275922e+01   4.3766239e+01   4.8959228e+01   4.9748856e+01   5.0000000e+01   4.9203632e+01   3.8852924e+01   3.0189812e+01   2.4514516e+01
   2.1252279e+01   2.3642161e+01   2.9379708e+01   4.2692090e+01   5.0000000e+01   4.9683736e+01   4.9440834e+01   5.0000000e+01   4.1259660e+01   3.2280649e+01   2.5329699e+01
   1.9461061e+01   2.1956009e+01   2.8514113e+01   4.0382235e+01   4.9759407e+01   4.9467878e+01   5.0000000e+01   4.8933634e+01   4.4292956e+01   3.2920475e+01   2.7289253e+01
   2.0365499e+01   2.4346574e+01   2.7319904e+01   3.8303435e+01   4.8515967e+01   4.9328507e+01   5.0000000e+01   5.0000000e+01   4.2002705e+01   3.1791143e+01   2.6451941e+01
   1.7337148e+01   2.4459258e+01   2.7047251e+01   3.7504134e+01   5.0000000e+01   4.9226602e+01   4.9927246e+01   5.0000000e+01   4.1088927e+01   3.4650118e+01   2.8121180e+01
   1.7489705e+01   2.1761813e+01   2.8124304e+01   4.0619491e+01   4.9514537e+01   4.9866873e+01   5.0000000e+01   4.8883573e+01   4.6457282e+01   3.1566228e+01   2.7817845e+01
   1.7771883e+01   2.0478136e+01   2.6549917e+01   4.0199995e+01   4.9689835e+01   5.0000000e+01   4.9998716e+01   5.0000000e+01   4.8182401e+01   3.4211757e+01   2.7643468e+01
   1.9739880e+01   2.2828742e+01   3.0044035e+01   4.1051133e+01   5.0000000e+01   5.0000000e+01   5.0000000e+01   5.0000000e+01   4.4185923e+01   3.2338253e+01   2.5672475e+01
   1.7838028e+01   2.1804875e+01   2.8797170e+01   4.3064361e+01   4.9743861e+01   5.0000000e+01   4.9738633e+01   5.0000000e+01   4.3347014e+01   3.0516891e+01   2.8951254e+01
   1.9910313e+01   2.2137835e+01   2.9697228e+01   4.3417588e+01   4.9362679e+01   5.0000000e+01   5.0000000e+01   5.0000000e+01   4.0305921e+01   3.0847435e+01   2.6502385e+01
   1.8291636e+01   2.4216701e+01   3.0328650e+01   4.7028341e+01   5.0000000e+01   4.8890283e+01   4.9856947e+01   5.0000000e+01   4.0265711e+01   3.1174812e+01   2.3604377e+01
   1.9346320e+01   5.0000000e+01   3.1035497e+01   4.9834870e+01   5.0000000e+01   4.8456901e+01   5.0000000e+01   5.0000000e+01   3.5484015e+01   3.1008448e+01   2.6581294e+01
   2.1184729e+01   2.5771386e+01   3.3115465e+01   5.0000000e+01   5.0000000e+01   5.0000000e+01   4.9840571e+01   5.0000000e+01   3.8919161e+01   3.1782725e+01   2.6809461e+01
   2.1653289e+01   2.4808511e+01   3.1842068e+01   5.0000000e+01   5.0000000e+01   4.9088685e+01   5.0000000e+01   5.0000000e+01   3.6558082e+01   2.9858486e+01   2.2314254e+01
   2.1076664e+01   2.4170189e+01   3.4999664e+01   4.8770177e+01   4.8983942e+01   4.9647964e+01   4.9758472e+01   4.9414981e+01   3.5663465e+01   2.7500860e+01   2.4244645e+01
   2.1573100e+01   2.6387202e+01   3.7481418e+01   5.0000000e+01   5.0000000e+01   5.0000000e+01   5.0000000e+01   4.9122821e+01   3.6334706e+01   2.8926702e+01   2.3602428e+01
   2.1402070e+01   2.9008945e+01   3.8750858e+01   4.9346309e+01   5.0000000e+01   5.0000000e+01   5.0000000e+01   4.9595438e+01   3.4802155e+01   2.4349609e+01   2.1658747e+01
   2.4267807e+01   3.0965630e+01   4.0828116e+01   5.0000000e+01   5.0000000e+01   5.0000000e+01   5.0000000e+01   4.9025537e+01   3.3355155e+01   2.7728124e+01   2.3246398e+01
   2.2612476e+01   3.1427734e+01   4.4723299e+01   4.9778858e+01   5.0000000e+01   4.9707757e+01   4.9696461e+01   4.3754337e+01   3.2772214e+01   2.4815707e+01   2.3647423e+01
   2.8195250e+01   3.0490590e+01   5.0000000e+01   5.0000000e+01   5.0000000e+01   4.9069204e+01   4.9039972e+01   4.4817873e+01   3.1291897e+01   2.5584036e+01   2.2160282e+01
   2.6055972e+01   3.5275989e+01   5.0000000e+01   4.9571214e+01   4.9196725e+01   4.9080278e+01   4.9172268e+01   4.0793409e+01   3.1747620e+01   2.6226464e+01   2.1082056e+01
   2.4172043e+01   3.2006239e+01   5.0000000e+01   4.9040456e+01   5.0000000e+01   5.0000000e+01   5.0000000e+01   3.9840665e+01   2.9765365e+01   2.4090453e+01   2.1903800e+01
   2.9449130e+01   3.3839253e+01   4.9305977e+01   5.0000000e+01   5.0000000e+01   5.0000000e+01   4.9344256e+01   3.7370894e+01   2.6547986e+01   2.5054804e+01   2.2658643e+01
   3.0092709e+01   5.0000000e+01   4.9531933e+01   4.8862348e+01   5.0000000e+01   5.0000000e+01   4.9027423e+01   3.6888706e+01   2.6602410e+01   2.4268139e+01   2.1704782e+01
   3.1804135e+01   5.0000000e+01   4.8646318e+01   5.0000000e+01   5.0000000e+01   4.9682528e+01   5.0000000e+01   3.1967291e+01   2.6722935e+01   2.3396860e+01   1.7899627e+01
   2.9934662e+01   5.0000000e+01   4.9143817e+01   4.9104396e+01   5.0000000e+01   5.0000000e+01   4.8865168e+01   3.5457516e+01   2.6655936e+01   1.9714402e+01   1.8566518e+01
   5.0000000e+01   4.9932695e+01   5.0000000e+01   5.0000000e+01   4.8907462e+01   5.0000000e+01   5.0000000e+01   5.0000000e+01   2.4837229e+01   1.9052254e+01   2.0245772e+01
   4.9260498e+01   5.0000000e+01   4.9940011e+01   5.0000000e+01   5.0000000e+01   4.9854313e+01   5.0000000e+01   4.9517190e+01   2.5021446e+01   1.9849150e+01   1.5575911e+01
   5.0000000e+01   4.9596299e+01   5.0000000e+01   5.0000000e+01   4.8366145e+01   4.9944354e+01   5.0000000e+01   4.9162281e+01   2.3226590e+01   2.0730561e+01   1.8337236e+01
   5.0000000e+01   4.8295023e+01   5.0000000e+01   4.9986705e+01   5.0000000e+01   4.9014102e+01   5.0000000e+01   5.0000000e+01   2.4679217e+01   1.8464479e+01   1.6003847e+01
   4.9241677e+01   4.9438285e+01   4.9850460e+01   5.0000000e+01   5.0000000e+01   5.0000000e+01   5.0000000e+01   5.0000000e+01   2.1947490e+01   1.8794663e+01   1.7148532e+01
   5.0000000e+01   5.0000000e+01   4.9293363e+01   4.9603684e+01   5.0000000e+01   4.9840103e+01   4.9271233e+01   4.8920901e+01   5.0000000e+01   1.5294304e+01   1.4270968e+01
   4.9431200e+01   4.9255601e+01   4.5175961e+01   5.0000000e+01   4.9911304e+01   4.8738971e+01   4.9568571e+01   4.9939394e+01   4.9747829e+01   1.6619462e+01   1.4000704e+01
   4.9609856e+01   4.5152599e+01   5.0000000e+01   4.9820396e+01   5.0000000e+01   4.9875943e+01   5.0000000e+01   5.0000000e+01   4.9480271e+01   1.7967742e+01   1.6027654e+01
   4.5359345e+01   4.2308539e+01   4.7800316e+01   5.0000000e+01   4.9873778e+01   5.0000000e+01   4.8691241e+01   4.9079661e+01   5.0000000e+01   4.9220015e+01   1.4861848e+01
   4.0474749e+01   3.8613375e+01   4.9307947e+01   5.0000000e+01   4.8430900e+01   4.9849811e+01   4.9796579e+01   4.8282549e+01   4.9462281e+01   4.8097980e+01   5.0000000e+01
   3.8262330e+01   4.1154615e+01   4.8509932e+01   5.0000000e+01   4.8205801e+01   5.0000000e+01   4.9285455e+01   4.9990751e+01   5.0000000e+01   4.9289362e+01   5.0000000e+01
   3.6896790e+01   4.8945369e+01   4.8885325e+01   4.9925416e+01   5.0000000e+01   4.9865098e+01   4.8577310e+01   4.9573568e+01   4.8595100e+01   4.9711663e+01   5.0000000e+01
   3.3951413e+01   4.9247842e+01   4.9481360e+01   5.0000000e+01   4.9669158e+01   5.0000000e+01   4.9456984e+01   4.9595991e+01   4.9040046e+01   5.0000000e+01   5.0000000e+01
   4.1358721e+01   4.8609479e+01   5.0000000e+01   5.0000000e+01   5.0000000e+01   4.8120432e+01   5.0000000e+01   4.9384300e+01   5.0000000e+01   4.9405684e+01   4.8210713e+01
   4.9265301e+01   4.9993551e+01   5.0000000e+01   5.0000000e+01   5.0000000e+01   4.9174291e+01   5.0000000e+01   4.7948480e+01   5.0000000e+01   4.9905024e+01   5.0000000e+01
   4.9650497e+01   5.0000000e+01   4.9996358e+01   5.0000000e+01   4.8814353e+01   4.9808791e+01   4.9675092e+01   4.9397392e+01   4.9775043e+01   4.9029469e+01   5.0000000e+01
   5.0000000e+01   4.9597140e+01   5.0000000e+01   5.0000000e+01   5.0000000e+01   5.0000000e+01   5.0000000e+01   4.9806595e+01   5.0000000e+01   5.0000000e+01   5.0000000e+01
   5.0000000e+01   4.8382106e+01   4.8213466e+01   4.9251843e+01   5.0000000e+01   5.0000000e+01   4.9726532e+01   5.0000000e+01   4.9068067e+01   5.0000000e+01   4.9792381e+01
   4.9703369e+01   5.0000000e+01   5.0000000e+01   4.9991568e+01   4.8853077e+01   5.0000000e+01   4.9394538e+01   4.8787832e+01   5.0000000e+01   5.0000000e+01   5.0000000e+01
   4.9679315e+01   5.0000000e+01   4.8577676e+01   4.9248767e+01   4.9514081e+01   5.0000000e+01   5.0000000e+01   5.0000000e+01   4.9518304e+01   4.9987928e+01   4.9624425e+01
   5.0000000e+01   5.0000000e+01   4.9351122e+01   4.9845653e+01   4.9410984e+01   5.0000000e+01   5.0000000e+01   4.9920547e+01   4.9661603e+01   5.0000000e+01   5.0000000e+01
   5.0000000e+01   5.0000000e+01   5.0000000e+01   5.0000000e+01   5.0000000e+01   4.9859962e+01   5.0000000e+01   5.0000000e+01   4.9472687e+01   5.0000000e+01   5.0000000e+01
   5.0000000e+01   4.8515053e+01   4.9339590e+01   4.9494672e+01   5.0000000e+01   5.0000000e+01   4.8344988e+01   4.9555066e+01   5.0000000e+01   4.8586562e+01   5.0000000e+01
   4.9834561e+01   5.0000000e+01   4.8981027e+01   4.9222589e+01   4.8807855e+01   5.0000000e+01   4.9250809e+01   5.0000000e+01   5.0000000e+01   4.8822619e+01   5.0000000e+01
   4.8877369e+01   4.9854160e+01   5.0000000e+01   4.9725963e+01   5.0000000e+01   5.0000000e+01   4.8229876e+01   4.9645846e+01   5.0000000e+01   4.8254432e+01   4.9551596e+01
   4.9640702e+01   5.0000000e+01   5.0000000e+01   5.0000000e+01   5.0000000e+01   5.0000000e+01   4.8766412e+01   4.9881348e+01   4.8868314e+01   5.0000000e+01   4.9922504e+01
   4.8476485e+01   4.9975710e+01   5.0000000e+01   4.9927492e+01   5.0000000e+01   4.8874689e+01   5.0000000e+01   5.0000000e+01   4.9992796e+01   5.0000000e+01   5.0000000e+01
   4.9446888e+01   4.8626069e+01   4.9050273e+01   4.8515924e+01   5.0000000e+01   4.9657626e+01   4.9940579e+01   4.9592027e+01   4.7689991e+01   4.8654436e+01   4.9794905e+01
   5.0000000e+01   5.0000000e+01   5.0000000e+01   4.9517057e+01   4.9762919e+01   4.8510587e+01   5.0000000e+01   4.8542458e+01   5.0000000e+01   5.0000000e+01   4.8984812e+01
   4.8124016e+01   4.9389630e+01   4.8555255e+01   5.0000000e+01   5.0000000e+01   4.9300530e+01   5.0000000e+01   5.0000000e+01   4.8734121e+01   4.9631199e+01   5.0000000e+01
   5.0000000e+01   4.9448048e+01   5.0000000e+01   5.0000000e+01   4.9622016e+01   5.0000000e+01   4.9014954e+01   5.0000000e+01   5.0000000e+01   4.8608307e+01   5.0000000e+01
   4.9929814e+01   5.0000000e+01   5.0000000e+01   5.0000000e+01   5.0000000e+01   4.9594870e+01   5.0000000e+01   5.0000000e+01   4.8678756e+01   4.8918959e+01   5.0000000e+01
   5.0000000e+01   4.9770262e+01   4.9667260e+01   5.0000000e+01   5.0000000e+01   5.0000000e+01   5.0000000e+01   5.0000000e+01   5.0000000e+01   4.7667883e+01   4.8857747e+01
   4.9144704e+01   4.9567009e+01   4.9176139e+01   4.9024153e+01   4.7995563e+01   4.5986729e+01   5.0000000e+01   5.0000000e+01   5.0000000e+01   5.0000000e+01   4.8924423e+01
   5.0000000e+01   5.0000000e+01   4.7779323e+01   4.6957227e+01   4.4848651e+01   4.7055499e+01   4.8530258e+01   5.0000000e+01   4.9561340e+01   4.9694992e+01   5.0000000e+01
   4.9964257e+01   5.0000000e+01   4.2302071e+01   4.2375414e+01   4.4271841e+01   4.3541404e+01   4.8471775e+01   4.7282043e+01   4.6704955e+01   4.7704705e+01   5.0000000e+01
   4.9189921e+01   4.2243327e+01   3.9876163e+01   3.9923766e+01   4.1691152e+01   4.3400911e+01   4.4022814e+01   4.5189831e+01   4.7855894e+01   4.8763715e+01   4.8050675e+01
   5.0000000e+01   3.7140769e+01   3.6930638e+01   3.6882507e+01   4.0151610e+01   4.0225706e+01   4.1080722e+01   4.4863644e+01   4.3533810e+01   4.6347728e+01   4.7810388e+01
   3.4184085e+01   3.4198521e+01   3.4768883e+01   3.4723467e+01   3.6157656e+01   3.8636615e+01   4.1479291e+01   4.0946555e+01   3.8872920e+01   4.2404845e+01   4.4931915e+01
   3.1593937e+01   3.1153045e+01   3.2149016e+01   3.0790233e+01   3.0984473e+01   3.6250919e+01   3.6707584e+01   3.6161292e+01   3.6878143e+01   3.9688625e+01   4.2705832e+01
   2.8843821e+01   2.7653899e+01   2.9737741e+01   2.9697580e+01   2.9646094e+01   3.0078009e+01   3.1526953e+01   3.3155293e+01   3.4042433e+01   3.6089596e+01   4.0745599e+01
   2.4382798e+01   2.3796239e+01   2.3614245e+01   2.5918767e+01   2.6479400e+01   2.9082132e+01   5.0000000e+01   3.0140742e+01   3.3207374e+01   3.4028263e+01   3.5970870e+01
   2.1765111e+01   2.1304984e+01   2.0969954e+01   1.9296432e+01   2.2087808e+01   2.3778411e+01   2.3874276e+01   2.2666282e+01   2.6332033e+01   2.7489852e+01   3.2438198e+01
