   0.0000000e+00
   2.2721874e+00
   1.9607287e+00
   2.3900942e+00
   2.0444440e+00
   2.5776299e+00
   2.4362955e+00
   2.5355872e+00
   2.6368187e+00
   2.5413846e+00
   2.5402002e+00
   2.5877297e+00
   2.4972296e+00
   2.4052848e+00
   2.8376978e+00
   2.7728595e+00
   2.6152930e+00
   2.6941307e+00
   2.4054743e+00
   2.7917674e+00
   3.1028363e+00
   2.3129026e+00
   3.5645780e+00
   3.6050639e+00
   3.4444395e+00
   2.8287878e+00
   2.8491215e+00
   2.9388481e+00
   3.2051998e+00
   2.9766671e+00
   2.6058649e+00
   2.8270569e+00
   3.5791062e+00
   3.5771447e+00
   3.7260816e+00
   3.1089749e+00
   3.3071116e+00
   3.2502635e+00
   2.9686604e+00
   2.7596701e+00
   3.2641302e+00
   3.3670610e+00
   3.2213738e+00
   3.2746908e+00
   2.7706296e+00
   3.1125975e+00
   2.7084021e+00
   3.0681162e+00
   2.9054543e+00
   2.9005062e+00
   2.3778945e+00
   3.0583178e+00
   2.4933108e+00
   2.6186876e+00
   2.5129836e+00
   2.3588843e+00
   1.6029333e+00
   1.8971360e+00
   1.3752937e+00
   1.6916403e+00
   1.3551258e+00
   1.2900001e+00
   1.3346469e+00
   1.3986695e+00
   1.5635319e+00
   1.7383099e+00
   1.3571766e+00
   1.9970240e+00
   2.0011902e+00
   1.9040943e+00
   2.1783287e+00
   2.1401620e+00
   1.9370190e+00
   1.6486028e+00
   1.8491604e+00
   2.1418736e+00
   1.7314812e+00
   1.8258339e+00
   1.7036688e+00
   1.7945510e+00
   1.5170398e+00
   1.5540187e+00
   1.8245571e+00
   1.5699867e+00
   1.7919810e+00
   1.6681577e+00
   1.7579209e+00
   1.7896338e+00
   1.6913435e+00
   1.7579167e+00
   1.7099021e+00
   1.9652096e+00
   1.9281326e+00
   1.7438708e+00
   1.9504987e+00
   1.9951836e+00
   1.7279074e+00
   2.1704694e+00
   1.9953271e+00
   2.2153149e+00
   2.0236970e+00
   2.3667733e+00
   1.8955175e+00
   2.3358371e+00
   2.7509517e+00
   2.2886430e+00
   2.9068477e+00
   2.4070022e+00
   2.5933646e+00
   2.6000578e+00
   2.1850271e+00
   2.3213947e+00
   2.3607710e+00
   3.0223244e+00
   2.5769450e+00
   2.5015573e+00
   2.5898112e+00
   2.4979368e+00
   2.7587035e+00
   2.1229307e+00
   2.0907328e+00
   2.3363485e+00
   1.9342905e+00
   2.2943349e+00
   2.2948503e+00
   2.2708995e+00
   2.0901177e+00
   2.3252546e+00
   2.3769316e+00
   2.2505894e+00
   2.2734637e+00
   2.5476706e+00
   2.6553641e+00
   1.9444623e+00
   2.3375735e+00
   1.9710439e+00
   2.1425706e+00
   2.1648311e+00
   2.4483041e+00
   2.3322034e+00
   2.8751498e+00
   1.8980312e+00
   2.9881572e+00
   2.4304317e+00
   2.6751587e+00
   2.7939912e+00
   2.4681656e+00
   2.3280884e+00
   2.2355664e+00
   1.8776903e+00
   2.0985347e+00
   2.2008084e+00
   2.0311413e+00
   2.0507041e+00
   2.3623228e+00
   1.8432589e+00
   1.8287453e+00
   1.5776097e+00
   1.9750711e+00
   2.1244751e+00
   1.7448342e+00
   1.2701626e+00
   1.6173231e+00
   1.4453264e+00
   1.4461479e+00
   1.7364212e+00
   1.8859807e+00
   1.3179901e+00
   1.7262618e+00
   1.7314321e+00
   1.4738227e+00
   1.7809641e+00
   1.8203852e+00
   1.9264898e+00
   1.7997239e+00
   1.7805787e+00
   1.7548652e+00
   1.7409051e+00
   1.4176277e+00
   1.7043155e+00
   1.3120696e+00
   1.6210605e+00
   1.3808519e+00
   1.4124643e+00
   1.3757461e+00
   1.3393193e+00
   1.3519080e+00
   1.3344464e+00
   1.1124071e+00
   1.3891137e+00
   1.3117753e+00
   1.3645055e+00
   1.4133106e+00
   1.3680067e+00
   1.6580108e+00
   1.2071740e+00
   1.3411275e+00
   1.5451133e+00
   1.9002334e+00
   1.4950096e+00
   1.6825585e+00
   1.5552711e+00
   1.7767661e+00
   1.6806742e+00
   2.0433300e+00
   1.6172759e+00
   1.6739372e+00
   2.3655054e+00
   1.9149090e+00
   1.7373471e+00
   2.1429824e+00
   2.5031631e+00
   2.0776298e+00
   2.4379956e+00
   2.3653561e+00
   2.4224685e+00
   2.4838008e+00
   2.3814403e+00
   2.4636165e+00
   2.9668588e+00
   2.9789435e+00
   3.1987570e+00
   3.1121822e+00
   2.9923106e+00
   3.3365232e+00
   3.5009146e+00
   3.8684081e+00
   3.8199076e+00
   3.5558867e+00
   3.0925001e+00
   3.7118925e+00
   3.7163770e+00
   3.1044297e+00
   3.2451531e+00
   2.8739991e+00
   2.9865856e+00
   2.9431135e+00
   3.1571905e+00
   2.6902030e+00
   2.2274792e+00
   2.1920197e+00
   2.2174215e+00
   2.3240867e+00
   2.0894946e+00
   2.2646719e+00
   2.4032484e+00
   2.1036632e+00
   2.5703170e+00
   2.5500835e+00
   2.2612188e+00
   2.2996047e+00
   2.8689438e+00
   2.7610981e+00
   2.5525960e+00
   3.0413535e+00
   3.4655588e+00
   2.9639078e+00
   3.2962828e+00
   2.6674707e+00
   2.7510080e+00
   2.7401807e+00
   2.9139615e+00
   2.8811396e+00
   2.2804374e+00
   2.6294008e+00
   2.1174216e+00
   2.4048984e+00
   2.0885225e+00
   2.5533884e+00
   2.7495103e+00
   2.7668880e+00
   2.2957886e+00
   2.4822947e+00
   2.5589274e+00
   1.8982314e+00
   2.4785658e+00
   2.1300016e+00
   1.7160504e+00
   2.2067170e+00
   2.5269971e+00
   1.9866581e+00
   1.9448450e+00
   1.7341176e+00
   1.9816422e+00
   1.8846853e+00
   1.4664999e+00
   2.0120172e+00
   1.7993930e+00
   1.8429292e+00
   1.9167002e+00
   1.8173976e+00
   1.7931667e+00
   1.7114158e+00
   1.6034329e+00
   1.8566648e+00
   1.7217285e+00
   1.7555702e+00
   1.9746427e+00
   1.8291835e+00
   1.9282420e+00
   1.8483396e+00
   1.8352253e+00
   2.1625370e+00
   2.3500085e+00
   1.9330895e+00
   2.5848652e+00
   2.2097569e+00
   2.6176478e+00
   2.4697909e+00
   2.2750195e+00
   2.6158373e+00
   2.7684655e+00
   2.5343755e+00
   2.7972257e+00
   3.4686097e+00
   3.0145973e+00
   2.5830120e+00
   3.2623078e+00
   3.1798299e+00
   3.2178261e+00
   3.5937233e+00
   3.7468787e+00
   3.2643777e+00
   2.9159564e+00
   2.7611860e+00
   3.2909577e+00
   3.4229053e+00
   2.5684307e+00
   3.1201129e+00
   3.2553679e+00
   2.7838953e+00
   3.1275836e+00
   3.0121755e+00
   2.9500861e+00
   3.7968782e+00
   3.4240663e+00
   2.9173905e+00
   3.1776375e+00
   3.4884197e+00
   2.5689425e+00
   2.9214119e+00
   3.0971375e+00
   2.3064377e+00
   2.8263011e+00
   2.4684670e+00
   1.9450310e+00
   2.0331715e+00
   2.1899981e+00
   1.9232070e+00
   2.0183704e+00
   1.6300898e+00
   1.9873861e+00
   1.8099553e+00
   1.6090520e+00
   1.7326564e+00
   1.8006865e+00
   1.6907717e+00
   1.5649650e+00
   1.4376210e+00
   1.4252884e+00
   1.4459986e+00
   1.7319219e+00
   1.3099230e+00
   1.8099633e+00
   1.4979436e+00
   1.7809794e+00
   1.8760312e+00
   1.7900471e+00
   2.1701502e+00
   2.1989160e+00
   1.9044397e+00
   2.0736414e+00
   2.0524092e+00
   2.0505458e+00
   1.9060682e+00
   1.8494799e+00
   2.0208467e+00
   2.0953849e+00
   2.2399742e+00
   1.8012652e+00
   2.3077667e+00
   2.4423733e+00
   2.1612957e+00
   2.1508478e+00
   2.6129717e+00
   2.9759960e+00
   2.7775746e+00
   3.2561746e+00
   3.1082985e+00
   2.9002143e+00
   2.5192831e+00
   3.3705145e+00
   3.6025566e+00
   3.4360968e+00
   3.0800553e+00
   2.9744555e+00
   2.9703446e+00
   3.0886731e+00
   3.3561677e+00
   3.0887754e+00
   3.2667416e+00
   2.6270876e+00
   2.5244896e+00
   2.7584389e+00
   3.1410766e+00
   3.1067994e+00
   2.3475032e+00
   2.2964364e+00
   2.8196889e+00
   2.9023518e+00
   2.6749544e+00
   2.4247677e+00
   2.4212074e+00
   2.0563719e+00
   2.4100125e+00
   1.7973833e+00
   2.5704256e+00
   3.1314342e+00
   2.4417718e+00
   1.9537394e+00
   2.4211216e+00
   3.1124844e+00
   2.7703951e+00
   2.8846020e+00
   2.3162084e+00
   2.1849039e+00
   2.5584669e+00
   1.9171436e+00
   2.1109401e+00
   2.4401139e+00
   2.3814206e+00
   2.8861000e+00
   2.2895377e+00
   2.4549237e+00
   2.0633555e+00
   2.1487048e+00
   2.2066261e+00
   1.9053613e+00
   2.0283504e+00
   2.1533280e+00
   2.0713534e+00
   1.8832874e+00
   2.0557854e+00
   1.7645706e+00
   1.8775041e+00
   1.9353315e+00
   2.1369878e+00
   2.0325727e+00
   2.1631766e+00
   2.0914327e+00
   2.0546858e+00
   2.0457531e+00
   2.6117390e+00
   2.8288740e+00
   2.6300457e+00
   2.6158013e+00
   3.5718027e+00
   3.8430416e+00
   3.2196540e+00
   4.1737457e+00
   4.0264340e+00
