-0.0130509390072
-0.0273156986529
-0.0529739342711
-0.0515006483601
-0.0412140194868
-0.0241216966247
-0.0161126433448
-0.00637087395243
-0.0105634400606
-0.0134036227191
-0.024249455285
-0.0167177508708
0.000872001474402
0.0149502125588
0.00247750352935
-0.00190509638642
-0.0115236679703
0.00091266616302
0.0121772182078
0.0198193861807
0.0438312203654
0.0518659118156
0.0313999500045
0.0210270000601
-0.00312235136225
0.0280017982798
0.0660032366804
0.0848733561298
0.103583740063
0.0902097238423
0.0690127819637
0.0397951185377
0.0243734417814
0.120401246679
0.185484919521
0.206663069972
0.206824326242
0.149125915014
0.115013935432
0.0762451509381
0.118545526643
0.239795903182
0.249613598404
0.202269187264
0.208415461194
0.183768847447
0.145837286613
0.0862746295738
0.271214110089
0.258158325455
0.147085155192
0.114911048219
0.179236332595
0.21274552768
0.161861825095
0.0832229477048
0.381853289831
0.135720591897
0.063389823492
0.0860579696366
0.19171732277
0.249917651286
0.191402794352
0.0823639742429
0.445057459818
0.0869084478535
0.0941937540311
0.171791582992
0.246239952518
0.30496560048
0.227630143278
0.0935293083802
0.458311532711
0.132935671937
0.171642315808
0.214292799699
0.216017928997
0.278164119091
0.264138021552
0.156212071532
0.384064468341
0.176403874992
0.18946196771
0.186238190495
0.132966364274
0.192747435202
0.260382865064
0.243643519178
0.260645025424
0.157326176067
0.142600163708
0.108646176884
0.0418409674159
0.0861013767988
0.15536544878
0.211810561018
0.123499437667
0.0620429773205
0.0708109326718
0.0397877814605
-0.0203390752433
0.0140274223749
0.0655818068062
0.118444389251
0.0659747243145
0.0329279020189
0.0219545557209
0.00149619771954
-0.0360391358517
-0.0282239044102
0.0123745384887
0.0522409408587
0.0189356850729
0.00394283464572
-0.00973324162367
-0.0125203704356
-0.0374170788704
-0.0451765061685
-0.0230723221398
0.00919976992813
-0.00223590923821
-0.0146554117159
-0.0306019860048
-0.0403496599067
-0.0584580216844
-0.0627998205256
-0.036775788183
-0.00789169782004
0.0455909765618
0.0350280845257
0.0161005281366
-0.00380976045018
-0.0141187692833
-0.0172185012904
-0.0154329035621
-0.0072604661404
0.0536794355988
0.033416462415
0.0104709279662
-0.00605020752828
-0.0236052749388
-0.0207535764163
-0.0245087607382
-0.0167660029722
0.0580998240158
0.0280340392451
0.0106945795308
-0.00804136844723
-0.0181301624411
-0.0151279177512
-0.0238841352729
-0.0258025731217
0.0565952941003
0.0252052693348
0.0142018150689
-0.00281080800107
-0.0194249215201
-0.0137756668618
-0.0247536691702
-0.031707680369
0.0463293089315
0.0274602199584
0.0209016404646
0.00527015243852
-0.0133388044453
-0.00914275065124
-0.0272893978366
-0.0318772590827
0.0411863704582
0.0267017354017
0.0209103336766
0.00682643640805
-0.0158859913563
-0.00564981732977
-0.0205200503209
-0.0231967194198
0.0312463485916
0.0258095293462
0.0308667883787
0.0168235525599
-0.0090819343942
0.00827958192144
-0.011976103832
-0.0159433287467
0.0212091770747
0.037839508851
0.0414106931345
0.0239293390276
-0.00717169962374
0.0241732149332
0.00827638032494
-0.00156696222615
0.00662618020669
0.053702234141
0.0586919084843
0.0328056789957
0.0128724483222
0.0430133038166
0.0395673409642
0.0283818621935
-0.000973065008118
0.0593236766198
0.0786213252631
0.0596471201547
0.0222233847074
0.044529365884
0.0527045448044
0.0597906414554
-0.00579930160911
0.0711013820937
0.100547651173
0.0536405287116
-0.00167456515477
0.0241433239117
0.0517229207843
0.0882229204284
-0.0100409224083
0.0726312889709
0.0966747368494
0.0442193890068
-0.00747888939554
0.0037496173773
0.0612903045677
0.104838792961
-0.00831431554314
0.0610454740553
0.0728614317958
0.0262210245102
-0.0131423136238
0.0079263364631
0.0715496913725
0.0908161379125
0.00579761493548
0.0473836655174
0.0550887075771
0.0112653270739
-0.00211902177378
0.022189067699
0.0748551539426
0.0627187234284
0.0259385883846
0.0506291267466
0.0506681798479
0.0249707771338
0.0356916035493
0.0553673628405
0.0722376099178
0.0286517469374
0.030429572078
0.0657362491776
0.0780035874281
0.0843891244147
0.0761580521581
0.05449458535
0.0314674627739
0.00239057721285
-0.00334540443319
-0.0135951597959
-0.00985492567777
-0.0102855483474
-0.0144203067478
-0.0137858032815
-0.0133769968698
0.00101794600273
-0.00367242670534
-0.00982313380782
-0.00634009542725
0.00399999009132
0.0107255416189
0.0190520225639
0.000515929957392
0.0107091382083
-0.00319567147515
0.00233661736767
0.0136838605259
0.0324087435418
0.0452949071623
0.0399147820092
0.0103876076987
0.0201328014295
0.00954727457488
0.0280615255503
0.0448137008593
0.0548551806202
0.0609998262606
0.0347151987882
0.00782928541389
0.0203549401858
0.0294674124197
0.0743972965419
0.0868426561832
0.0787874822526
0.0601973628652
0.0186470760833
0.000250092268469
0.0188101273256
0.0907826326755
0.117360400991
0.0636393122921
0.0324501700898
0.0149701816076
-0.0198783301193
-0.0257508845475
-0.006517314026
0.155152682001
0.0872383200144
0.000939945976662
-0.00898752227559
-0.0242569411858
-0.0356868396619
-0.027431754938
-0.022345280843
0.198388147941
0.0266076935524
-0.0379193921564
-0.0320244245861
-0.0402340543581
-0.0298178761254
-0.0254929054993
-0.0235480765378
0.217081384757
-0.0241838389361
-0.0407388204331
-0.0308264142049
-0.0322845347268
-0.0223942789348
-0.0315954204756
-0.0170264882409
0.222148289075
-0.0159356278593
-0.0179807794435
-0.0210402970674
-0.0163403077118
-0.00866652423269
-0.0132212167421
0.00749094554568
0.190228226048
0.0267160342655
0.0138434765105
-0.000584876466264
0.0116621552035
0.019685685058
0.0166315100109
0.0287256070764
0.141085766895
0.071140455264
0.0517364873913
0.0392466143878
0.0523887963132
0.0505471356482
0.0381916256424
0.0320060681723
0.0786069911415
0.0680463343168
0.0695207036718
0.0538889284967
0.0543680366904
0.0432278326666
0.0307812801186
0.0257423967636
0.0307750690693
0.0349078909238
0.0544425229778
0.0522280188332
0.0382686095301
0.0197068070655
0.0110579955332
0.0139451417471
0.00283934677516
0.00168060352817
0.0208182387365
0.0274155373681
0.0181293737639
0.00756780019786
0.00795734043947
0.00611583213678
-0.00779470870761
-0.0212290965304
-0.010107389472
0.00347308356234
0.00645680050602
0.00261645486514
0.00581273334342
0.00634112663285
-0.0114772548154
-0.0274996938445
-0.0447941487134
-0.0365080704506
-0.00492154318067
0.02439430373
0.0202095239728
0.019281055348
-0.0207964562235
-0.0285456488191
-0.0361176649411
-0.0199477872156
-0.000370761106443
0.0237732212442
0.0235692350296
0.0250644179207
-0.0363086627597
-0.0360854650431
-0.038130409898
-0.0113448389751
0.000221120799494
0.0159405487983
0.0286932015863
0.0318795765266
-0.0690467617178
-0.050028673801
-0.0558829218249
-0.0293582165262
-0.00972172050881
0.0184013514023
0.0312385252626
0.0274210173986
-0.142700814088
-0.128008748822
-0.164339890949
-0.167184540164
-0.152996217788
-0.122416710303
-0.0584377146302
-0.0297807858353
-0.239995873402
-0.201398897782
-0.198670936081
-0.190584691738
-0.197578990101
-0.151204872486
-0.0618438625261
-0.0401832191638
-0.346181280189
-0.220279003026
-0.168531134156
-0.198127461199
-0.24608022067
-0.142886644428
-0.0803162730993
-0.0764729603101
-0.377526136328
-0.198052893493
-0.159374770049
-0.180444169794
-0.219311365594
-0.0796852716028
-0.0549445910605
-0.113702608409
-0.333606159
-0.108142812088
-0.0860853196927
-0.152388144952
-0.156298593121
-0.0566453637308
-0.0142477065848
-0.131946452963
-0.28233429157
-0.122550097824
-0.131854567869
-0.137786076499
-0.116784945411
-0.0713553084146
-0.0347844087275
-0.150505447707
-0.152686692156
-0.105520788947
-0.136180739943
-0.0894188040172
-0.0573998590094
-0.0475552107912
-0.0757412866046
-0.190923420409
-0.0341488664384
-0.0801757532845
-0.127448321472
-0.112560968514
-0.0967136085343
-0.0521399026139
-0.079312717401
-0.129523553136
0.072165651285
0.0148642213599
-0.0124412931212
0.00357916815067
-0.00139569074409
0.0513303788619
0.0334026722698
-0.00785309905501
0.088576499341
0.0412123785779
0.00614594610017
0.0197752829016
0.0192852981088
0.0513044805653
0.0460951221173
0.011923224081
0.0620984042349
0.0609325388224
0.0174692360653
0.0264361621782
0.0179831398885
0.0265792820334
0.0406511514053
0.0233022292551
0.0309636116095
0.0672504876308
0.0606876369478
0.0538471566594
0.0201256529748
0.00690227167502
0.0112848129749
0.0173334643371
-0.00191683167106
0.00365403856836
0.00176542446084
0.0130120611491
0.0246732918663
0.0300560742706
0.0190732260914
0.0119910774639
0.00106445648648
0.0209007242203
0.0362522115736
0.0463066066822
0.056097446444
0.0499847750785
0.0264259502523
0.0315839426112
0.0147595527832
0.0643681103147
0.0966662065683
0.109877319135
0.123529962339
0.123257174657
0.0845975964244
0.0842526436927
0.0467598457739
0.135535520055
0.188505982804
0.206677487497
0.2129614226
0.189187417245
0.141646300149
0.16249359599
0.128241839898
0.274086694347
0.313933107795
0.305805537767
0.275526282362
0.23289733655
0.183725676345
0.23045757892
0.285713480554
0.3635183535
0.299123165111
0.226048742997
0.21423129366
0.211757131682
0.194962420723
0.214768701468
0.426448672506
0.377143065656
0.271654938585
0.246482275565
0.271788924065
0.266074201262
0.217589411366
0.147880940526
0.528981932343
0.370307404552
0.325533706748
0.315598790784
0.289958584833
0.206200022473
0.110477575893
0.0445818915892
0.561961880789
0.309469797913
0.2631973398
0.203577100829
0.130982016315
0.0615059192674
0.00565346761035
0.0144811361471
0.534033219644
0.241709260838
0.143411022494
0.0656331572251
0.0212532617155
-0.00172002996775
0.0056303346949
0.0542582369675
0.461080434851
0.300392834438
0.184020953418
0.121681248079
0.0799113046193
0.0757922646539
0.102423053388
0.147414161367
0.299483347313
0.276992176552
0.234170333924
0.22094394655
0.190352353601
0.179950833845
0.175202925982
0.17145080987
0.148520379283
0.198885622123
0.194196763591
0.192429954984
0.168465786433
0.155824326856
0.140891095426
0.118553644573
0.0405714757783
0.0874491405923
0.105442915581
0.116254210643
0.111297730254
0.0944754172471
0.0806552735016
0.0629275306871
0.00173844698894
0.0190496292255
0.0503509706133
0.0512633167952
0.0372371269507
0.0280676201243
0.0319748810023
0.0278851850082
-0.00387873297024
-0.00969600874966
0.00279648631091
0.0133438686958
0.0148751393817
0.0118491609885
0.0239348685249
0.0186716144679
-0.0248686353981
-0.00417132582348
0.00946624646619
0.0240965636804
0.0394236099097
0.0451701319295
0.041306218521
0.0174317112993
-0.0371972838349
-0.00163158690877
0.0178679941503
0.0260109920229
0.025813370818
0.028559098372
0.0396652937008
0.0344395644988
-0.0545916713012
-0.00588088633983
0.0179401570455
0.0262559825256
0.0129330557271
0.00213078941182
0.0181494145041
0.022856106168
-0.0647197671732
-0.00118012472787
0.0186865083962
0.0141400300011
-0.0177469672078
-0.0273074812012
-0.0180736484282
-0.0100005354411
-0.0868011354455
-0.00816519559531
0.00460274691199
-0.0129410462029
-0.0268760492865
-0.021293764225
-0.0233656693114
-0.0307810420645
-0.0997485974528
-0.0227147593431
-0.0321554013583
-0.0345937010731
-0.0375273996302
-0.0360048113781
-0.03496443319
-0.0455099240813
-0.125529665483
-0.0640198232867
-0.0448577007079
-0.014795695731
-0.0294362647399
-0.0387467522331
-0.0380980044882
-0.0513929855876
-0.116333060411
-0.0552287105285
-0.0280638310342
-0.00969954634665
-0.021926372209
-0.0193913683669
-0.0320342850509
-0.0509740922741
-0.098305531363
-0.0603215003146
-0.0209156313327
-0.011061853619
-0.0284129406219
-0.0312557822549
-0.0456272996435
-0.0532874645932
-0.0889661747697
-0.0722076835323
-0.00750402736239
0.00938602066297
-0.01182391718
-0.0249556020146
-0.0591901857999
-0.0730421497041
-0.0833160308079
-0.0888668476314
-0.0176573513544
0.000590316715068
-0.0192499667757
-0.0182183733477
-0.0433802375504
-0.0794255931948
-0.0616282036424
-0.0716793251098
-0.0176884530482
0.0139906576432
-0.0108877248218
-0.0127519754822
-0.0249909453168
-0.0634105738322
-0.046644876888
-0.0463992657592
-0.0229924050112
0.00552216350087
-0.0190034808361
-0.0260786368713
-0.0389924065096
-0.0652344336779
-0.0284600422591
-0.023079887306
-0.00996731498315
0.0209004572703
-0.00109095826157
-0.0153693103279
-0.0292662441872
-0.0497931462498
-0.0166198055221
-0.0132978309702
-0.00484280666544
0.017668448596
0.00247896055089
-0.00452629146197
-0.0197572432507
-0.0325613620228
-0.0109145818306
-0.00849367222912
0.000523720428747
0.0126163499785
0.00819069735135
0.000624148086671
-0.00592986016714
-0.0181224536473
0.00747506325467
0.0384293946636
0.0976976279997
0.143709476801
0.155123617221
0.13291665968
0.0933910724961
0.0333263568029
0.0322699401965
0.0811069368333
0.120239503221
0.105822193559
0.103575558116
0.113297022318
0.104089719906
0.0525697632457
0.0563482407388
0.110202616954
0.129213771592
0.0998775300877
0.112489191201
0.141130217976
0.117150322244
0.0596151377775
0.0778629702259
0.110403778467
0.119650765151
0.11040636387
0.126063244338
0.161269101464
0.12518309766
0.0609462738696
0.0740472845305
0.0861602692682
0.0953094317612
0.090876243418
0.111537996172
0.157802777254
0.116513242384
0.0545652851127
0.0394197547275
0.0415096541649
0.0657756494496
0.0830662979597
0.0997788863824
0.14224336672
0.145099285928
0.0599873373621
-0.00427679754106
0.0172188030874
0.0540230723795
0.0589577221671
0.0614273070346
0.111140681897
0.146636256204
0.0747471897127
-0.0442526744907
-0.00680684530863
0.0190256663374
0.0205371095845
0.0302932869384
0.0838060593729
0.142443177936
0.0861875418837
-0.0491077584631
-0.000902056404206
0.01422462524
0.0082285430173
0.0250594612145
0.0714133753626
0.131455992433
0.103644815484
-0.0407054926462
0.00135343891763
0.0136484423878
0.0102275198244
0.0164702520613
0.0547293333913
0.112732347934
0.113298152292
-0.0182071161838
-0.00839376106754
0.00846330144789
0.0030093635797
0.0167536324505
0.0472170865601
0.0958913800963
0.112992670278
0.0226789181378
0.0134649138979
-0.00683288504597
-0.0231482069643
-0.00029006182935
0.0305410295627
0.0821178793027
0.117701546399
0.0524191907194
0.0488294163039
0.0310863439251
0.0126508409483
0.036338547777
0.0552928391838
0.107495361172
0.129434106043
0.0694251505966
0.0751969319875
0.0477599270205
0.0356534535636
0.0691929078558
0.082958219915
0.124976523694
0.105617332539
0.0551226092358
0.0960994042531
0.0848276964035
0.070100314574
0.0873163813146
0.0946335717736
0.109455888484
0.0650512297943
0.0439697567272
0.108612392792
0.151962132875
0.163227136121
0.154245452244
0.122556220814
0.0830353890636
0.0288675849957
0.0249713796123
0.0137492375386
-0.00520967984315
-0.0207117777929
-0.0158570508205
-0.0161017800735
-0.00666121753408
-0.00135141394275
0.0368079039647
0.0139486824433
-0.000796100666181
-0.0163295285342
-0.0129970988873
-0.0164235137058
-0.00807224854728
-0.00569488959926
0.0434120118455
0.0108085175186
-0.00580288981898
-0.0184021702125
-0.0206975173943
-0.0240732915119
-0.0119626913907
-0.0104486100393
0.0445166116539
0.0112581394018
-0.00318202329835
-0.0216514228225
-0.0283327996726
-0.0258028404607
-0.0216297291373
-0.013668576138
0.0417085573937
0.0139492773778
-0.0055832385232
-0.0377465818224
-0.0528993448571
-0.0403804845489
-0.0362717472795
-0.0216274450251
0.0276841609395
0.00903002128719
-0.0169630160568
-0.0414630206882
-0.0523155254581
-0.0389393115742
-0.0317842531565
-0.026862891099
0.0191231126566
0.00436171536746
-0.0198642540638
-0.0246331918132
-0.0322007809133
-0.0210614400494
-0.0229817325913
-0.0322310987638
0.00498147476548
0.00639229340336
-0.00228527736972
-0.00683338332734
-0.0119807080814
0.00108638869051
-0.00404166471998
-0.0333756151743
0.000378617566583
0.0200926354173
0.0240120211214
0.0151738764062
0.01155240607
0.0125186241212
0.00957294701858
-0.0309960776993
-0.00406430274844
0.0200240388921
0.0362864456439
0.0178969209397
0.0168392168919
0.0167739819996
0.0126707414323
-0.0280450665752
-0.00108438207496
0.0348473282772
0.0469329500552
0.00997658656933
0.0109457162577
0.0061901521695
0.0231385521145
-0.0112763572502
0.00109217144941
0.0421438450201
0.0331359370455
-0.00742439555012
-0.00300562339619
-0.00574711212757
0.0333796077624
0.0124605366132
0.0102362152532
0.0480699317864
0.0318740792516
-0.00299626892022
-0.00699318715191
-0.00627525731183
0.0322637886753
0.0294752640857
0.0147823904127
0.042328645708
0.0223715140174
-0.0191109946651
-0.0221858568176
-0.00617875920488
0.0253526762505
0.0378393449073
0.0131289294507
0.0330537193734
0.0119759708846
-0.0213297276605
-0.0217340564231
-0.000131165707736
0.022298186213
0.0356401898007
0.00688324779673
0.0130705605785
-0.00710405639853
-0.0262840361688
-0.0252496329438
-0.00273668432087
0.0193228249593
0.029623669979
0.017563264627
0.0748542448285
0.204625039065
0.279498879004
0.263990203817
0.135172435219
0.0424922491812
0.0077711083536
0.00360454149441
0.0164610475874
0.0765768002834
0.113290497765
0.129136644928
0.0555734161596
0.0167892509969
-0.0012260965537
-0.0132585204053
-0.0112134607345
0.0185665852316
0.0410610937105
0.0652690709074
0.0170880004797
-0.00372590624328
-0.0108054129368
-0.037110371816
-0.0396839205425
-0.0192985674143
-0.0096492885434
0.014198802121
-0.0149137573899
-0.0210936629199
-0.0189137393527
-0.070153161836
-0.0551422022599
-0.0320926156375
-0.0112585512694
0.00310267342931
-0.0341392514528
-0.0412191688597
-0.0376787954954
-0.0990757839618
-0.0635263420959
-0.031779691595
0.0248850316423
0.0496521321455
-0.0096576608211
-0.0261974255294
-0.0442002306493
-0.125488341775
-0.0689800292529
-0.0106962079053
0.0713632528898
0.0918245718196
0.00215904842014
-0.0237463088627
-0.0481978052128
-0.145464648766
-0.0600881766572
-0.00938654649702
0.0967635255891
0.150605371745
0.0239977497903
-0.0218438779666
-0.0458929953245
-0.151718767808
-0.0647831211217
0.0231232184008
0.169672322555
0.207877496306
0.0293523534183
-0.0216410908448
-0.0484469498902
-0.144207463166
-0.0489859881023
0.059695404427
0.209936214916
0.245611854289
0.0461971106402
-0.0250963394072
-0.0600511248227
-0.126800560096
-0.0376851734739
0.0604104927233
0.224379713226
0.254840982235
0.0607542092458
-0.0307976671279
-0.0754906650241
-0.0925011907423
-0.018207326455
0.0653602713532
0.210440079702
0.218566459854
0.0374345102796
-0.0542497886896
-0.0763463778416
-0.063742406293
-0.0266731198571
0.0563088125381
0.18060776823
0.207586091245
0.0645201193773
-0.00404929698155
-0.0300617000986
-0.0209507345007
0.013045632472
0.092560610998
0.188036662715
0.232132441904
0.114034992921
0.0260649228727
-0.0041115010849
-0.00448693933998
0.0272203733662
0.0989487064736
0.174793516232
0.233885829362
0.140251284294
0.0506830310484
0.00585396432042
0.00476955313668
0.0324358394845
0.102219085898
0.167508689614
0.249575078879
0.180314535527
0.0687260377513
0.0176448620441
-0.000108905381412
-0.000558384224258
0.00155942714665
-0.0024716233408
-0.00978299928884
-0.0046398358577
-0.00478377792386
-0.00417109123338
-0.00126138817731
-0.00355207410058
-0.00549241611235
-0.00971429850456
-0.01455498195
-0.00624795150548
-0.00541365368775
-0.00533958986058
-0.00364019824385
-0.00719092056723
-0.00787952382179
-0.0137332759244
-0.0169597044291
-0.0116610806684
-0.00983855855943
-0.00991833524374
-0.0068596212304
-0.0134319276054
-0.0136836153692
-0.0198728684373
-0.0199718056783
-0.0107681436722
-0.00570143509369
-0.00867827060692
-0.0261032501688
-0.0291336402842
-0.0236716452709
-0.0302752832314
-0.0332310674034
-0.022231733856
-0.0127278220179
-0.0160820731751
-0.0505287539492
-0.0341014654316
-0.0282586071697
-0.0437690524981
-0.0410529078828
-0.0252510668303
-0.0176861043222
-0.0239871170183
-0.0650668782736
-0.0374858471571
-0.0340660790705
-0.045439661226
-0.0406350661562
-0.0145361930608
-0.0129094499854
-0.0295952998979
-0.0773548308615
-0.0495406454048
-0.0452531005298
-0.0646764029126
-0.0448577495767
-0.0142381047699
-0.013874687824
-0.0296650258748
-0.077780847201
-0.059043553946
-0.055001288629
-0.0604918966389
-0.0303693814834
-0.0125602637671
-0.0215221134585
-0.03318613905
-0.0670450130767
-0.0652553575117
-0.0556294870694
-0.0514857179638
-0.0374973333109
-0.0261917349731
-0.0344941774102
-0.0421251595979
-0.0436079863521
-0.0432370424329
-0.0440785798896
-0.0500168662516
-0.0364063352476
-0.0238941245768
-0.0264420347011
-0.0370854035524
-0.0278299933648
-0.0261767317788
-0.0262946321297
-0.0367940046771
-0.0263094907568
-0.00690679740532
-0.00918227314833
-0.0218796291054
-0.0171405768098
-0.00918504633315
-0.0109978411403
-0.0225661273313
-0.0192915203213
0.000233899250574
-0.00117615261658
-0.0041404665674
-0.0123324174737
-0.00520755101588
-0.00708717245506
-0.0156456645158
-0.0193338798467
0.00186946335807
0.00469462624003
0.00215290799706
-0.00684063094796
7.0524500226e-05
0.0014722838412
-0.00412505000372
-0.0106377885849
0.00718167709538
0.00884320098514
0.00297820187827
-0.00449547321284
-0.00181650999821
0.00340447105605
0.00657849959827
0.00105116885324
0.00945055618631
0.00551657474482
-0.000290181052328
0.0238093177778
0.016011708039
-0.00161874556231
-0.0181367675544
-0.0165961823829
-0.00648109605337
-0.00305752600709
-0.00303342687331
0.0321270119604
0.0177207902312
5.65909859768e-05
-0.014926238161
-0.0133109357599
-0.00432865208756
-0.00157197225327
-0.00186881930652
0.0460845218204
0.0254636516173
0.00433848114432
-0.0144339137795
-0.0135861810083
-0.00377259444374
-0.00230475211724
-0.00272187540717
0.0534774958264
0.0269387471996
-0.0025530827076
-0.0204512519057
-0.00796367498873
0.00702419754103
-0.00170967613565
-0.0067149149654
0.0551120313672
0.0186416575155
-0.00787443843793
-0.017483752277
0.00100768063953
0.00767622617832
-0.00351589448793
-0.00545314106656
0.0482418275216
0.0173694626177
0.00552177145905
-0.00508391217877
0.0105261670304
0.0135362795245
0.00539298985099
-0.00205910518825
0.0394383789383
0.0274887782892
0.0234910382684
0.0125303518473
0.0257923718142
0.0279399956568
0.0140212506556
-0.000628284647993
0.0332662152941
0.045070488724
0.0432790816513
0.0185529664394
0.0251159112093
0.0232184474978
0.0126748371654
-0.00237938451987
0.0336214155787
0.0661856171016
0.0605516091199
0.0299112219177
0.0266972706214
0.0218363300232
0.00781506827398
-0.00786511766949
0.036796070866
0.0710753990544
0.0602357173668
0.0274419272469
0.0214850423995
0.0180260579114
0.00528639402292
-0.0100252933827
0.0416861371985
0.0683080678932
0.0596140578454
0.0279589881217
0.0245392183389
0.0228386181573
0.00849199156246
-0.00565528686264
0.0402044136524
0.0592849358659
0.052582049002
0.0266085656171
0.0260812580957
0.0283168558214
0.0177783015321
0.00278266417667
0.044200452033
0.0481575145512
0.0348369027282
0.0149740913248
0.0215214245841
0.0337101071809
0.0339683903107
0.0203877833019
0.0394990667814
0.0423743199243
0.0220790484685
-0.00302820712173
0.00546386452753
0.0241809614823
0.0323512692269
0.0255455018774
0.0335328957639
0.029534371358
0.0117468148929
-0.00909390245786
-0.00337066284104
0.0135909432011
0.0284207343874
0.0252463103366
0.0213601842265
0.0239251540931
0.00672627036795
-0.0115055183131
-0.0142143389015
-0.00234772759444
0.0157477970566
0.0215162610533
-0.00194531091607
0.00691053411181
0.0557096677301
0.100896867481
0.0734648010549
0.0243123883043
0.00257593477135
-0.00925407903314
-0.011029692968
0.000642610411591
0.0544971252861
0.114843225405
0.0919567404914
0.0142105485886
-0.0112423129807
-0.0222194521602
-0.0340614472917
-0.0167275076861
0.0258390915748
0.0971074915903
0.0859239020618
-0.0208723440107
-0.0467935363712
-0.0552102950453
-0.0557712743508
-0.0307096942695
-0.023798681237
0.0744413038124
0.0506141901856
-0.0903871179876
-0.105582475122
-0.123600460901
-0.101438668667
-0.100896979257
-0.13817691044
-0.0224181396205
-0.0541681159688
-0.20080861749
-0.168476938668
-0.198616252979
-0.187186342058
-0.187790852707
-0.142648752376
0.0258877121458
0.0142587154538
-0.174717512217
-0.166949261877
-0.223227210164
-0.27611572946
-0.191886038404
-0.104522117652
0.0493959880262
0.0486911179772
-0.156184173624
-0.187815215201
-0.239508307447
-0.297195480204
-0.151869764547
-0.100372309895
0.0698466130453
0.0616147615145
-0.122331878875
-0.174965024045
-0.214484403659
-0.333232753668
-0.17143271742
-0.111334589327
0.0782513082233
0.0682554246494
-0.103802237484
-0.189346256353
-0.219455605129
-0.324462802727
-0.104295700148
-0.0474969762469
0.10633724066
0.0965781860594
-0.0863373927676
-0.225376915586
-0.205066411047
-0.302108624408
-0.101116498728
-0.071386600221
0.0751018489468
0.055996969804
-0.123137813235
-0.24521537545
-0.166644996506
-0.254162329144
-0.140299812764
-0.0922096452429
0.0220889097227
-0.00189641702103
-0.133127364507
-0.196127192222
-0.1221994143
-0.131779104904
-0.0759713653723
-0.0330695947407
0.0249326068238
0.0250524779311
-0.075255811344
-0.11432729138
-0.0749327578993
-0.0594604713391
-0.054962350652
-0.00192952111297
0.0609242139042
0.0829758010962
-0.00483870173258
-0.0512986579548
-0.0300823764318
-0.00671653283704
-0.00401620476702
0.040548403479
0.0924412127305
0.116440660265
0.0164553235566
-0.0218873518933
-0.0127277148309
-0.00212819251461
0.00429066474411
0.038032181792
0.0771378464726
0.137025608076
0.0663730403248
0.0173811414029
-0.00126845456325
-0.00965498837766
-0.00954756425179
-0.0241147215596
-0.0341383392132
-0.0548007305363
-0.0467616529942
-0.0461734308829
-0.0339337968685
-0.0160531723405
-0.0157341325921
-0.0341644970538
-0.0329819575624
-0.0525509557783
-0.0390142878749
-0.0409352242922
-0.0390322984029
-0.0231434233085
-0.0197170004341
-0.0364192874839
-0.0318411381211
-0.0647022412338
-0.0472679244403
-0.0414608974988
-0.0383966725556
-0.0266504966631
-0.0215489047596
-0.0380422677512
-0.0480219553402
-0.0721576328865
-0.0375821659439
-0.0289809998882
-0.032396086604
-0.00998849070361
-0.0208923856804
-0.0558541948738
-0.0693179350862
-0.0566313593801
-0.0166108166378
-0.00470247387727
-0.0122456462994
0.0327189123472
-0.012014223729
0.00118087200951
0.0155075247132
0.0033084003545
0.0359430972807
0.0384208572842
0.0204802341653
0.0850029336822
0.0356827190377
0.0844288540486
0.0858724346472
0.071316199162
0.101878832408
0.0829980680207
0.0728699668847
0.0740413786834
0.065562407082
0.0621279140646
0.0975595640521
0.104257933157
0.0674337575339
0.0559481809986
0.118721312203
0.0688098238618
0.0744739620126
0.0226496389787
0.0898646240276
0.0834112148146
0.013654840389
0.0192379621301
0.142841981628
0.0467718840017
0.0322708969588
-0.0182732258178
0.0312347214023
0.0260444888703
-0.0341307774725
-0.0295586818766
0.126709068463
-0.0030663997169
-0.034223593881
-0.0498589488827
-0.0276842518314
-0.0420158475677
-0.0678911725934
-0.0442855083171
0.0652840470639
-0.0482635801689
-0.053571003271
-0.0593233734876
-0.066888481883
-0.0685784149825
-0.0698586250649
-0.0409123773343
0.00591069817506
-0.0683878498787
-0.0483014446091
-0.0388146377763
-0.0475399763757
-0.0529114689512
-0.0488185119086
-0.0322519273611
-0.0173047363325
-0.0669663940897
-0.0512559902609
-0.0300664296862
-0.0390835692202
-0.0487835752562
-0.0303062726337
-0.0200659490897
-0.0161613643921
-0.0488333670813
-0.0437113658204
-0.0309050038212
-0.0411747635689
-0.0417228693093
-0.0202978562638
-0.0143727733267
-0.01125651314
-0.0279181641162
-0.0424202906037
-0.041720852568
-0.0403920586501
-0.0383070199128
-0.0236838594318
-0.015120500978
-0.00963971334371
-0.0423636158073
-0.0824728395248
-0.145481808792
-0.169938193656
-0.181101486311
-0.17322285667
-0.0916812646039
-0.0451998837653
-0.0707855546045
-0.105332904287
-0.152456915594
-0.131395277408
-0.149366381274
-0.167635883461
-0.0867608754143
-0.0645036855316
-0.0967457805127
-0.166494613142
-0.167459459931
-0.0882906967625
-0.111114687633
-0.129442674941
-0.0829918424401
-0.0824339576053
-0.150078301851
-0.214372024604
-0.174419413994
-0.116346987685
-0.15262958985
-0.169824168691
-0.12032391393
-0.104168366205
-0.158120075989
-0.220126859391
-0.162496809064
-0.0436289374356
-0.0643748278123
-0.127044676122
-0.120157645825
-0.134702009768
-0.151999931562
-0.248754329291
-0.153911950596
-0.0678318645909
-0.0741449711584
-0.103852240037
-0.177735388912
-0.157649006794
-0.129428460312
-0.204153283104
-0.0354632081507
-0.0540776626438
-0.100088639899
-0.214056633091
-0.153399426653
-0.109377674478
-0.101969449353
-0.0518607950788
0.0400260085798
-0.166500181236
-0.262815625108
-0.295329645521
-0.0818100241135
-0.0496454491933
-0.0945537377127
0.00604671889999
-0.0638475617063
-0.316908876509
-0.388889462382
-0.278350264504
-0.110248200374
-0.0396232488775
-0.0890989482871
-0.0722654501062
-0.203333852724
-0.347302638365
-0.321876006976
-0.164573337501
-0.157193487367
-0.0601793832897
-0.0970006449102
-0.219898226267
-0.324302014757
-0.312163051427
-0.259286970259
-0.206801839789
-0.23523529118
-0.0929864351598
0.00365058929585
-0.199402843456
-0.328326792547
-0.239235157357
-0.182172859548
-0.133694351688
-0.159609329634
-0.042494426608
-0.00855296658205
-0.173273926885
-0.276776231776
-0.188793514966
-0.15495596557
-0.153245957167
-0.193000584493
-0.115008342986
-0.0366964600967
-0.158118503581
-0.217835341978
-0.150827343566
-0.131946581174
-0.138828495182
-0.144819729879
-0.0936472478009
-0.0464049618855
-0.148088644162
-0.182078082547
-0.131326270833
-0.1523721206
-0.173676549627
-0.141278225096
-0.0764312226928
-0.0408077085809
-0.12458003634
-0.206651210616
-0.207191041767
-0.220351339695
-0.191191425213
-0.113781478166
-0.0400004483679
0.00273592780337
0.00505783487909
0.00490089430705
0.00840313766978
0.00152353682443
-0.0130702179062
-0.00274128290428
-0.000810154700098
0.00479356606077
0.0155158280893
0.0397954453063
0.0509993414518
0.0456350101245
0.0258671571644
0.0182592968878
0.00653565954546
0.0235062152328
0.0603455253598
0.0953669162818
0.114061926372
0.120170362401
0.107030781697
0.0707652580469
0.0370096337866
0.06084842982
0.12611901208
0.166883371783
0.16938589493
0.180015319836
0.173483237911
0.148182661392
0.105848334091
0.124961431779
0.215327431004
0.233625318724
0.207706889044
0.194943456556
0.205696895961
0.222933600858
0.236076447792
0.216036044106
0.260352898467
0.18549217296
0.123667621965
0.0856313724102
0.123127772035
0.204366524213
0.36438433067
0.322672932529
0.225140662
0.0772689657086
0.0215786618703
-0.0156102840808
0.0209839526421
0.128937929609
0.459826159422
0.411145398027
0.117181038438
-0.00563751474735
-0.035936539987
-0.034155412594
-0.00831663378146
0.0461598920124
0.492522229252
0.454515880595
0.0528033950352
-0.023360850464
-0.0422561332048
-0.0190751931728
-0.00373304792203
0.0661990768536
0.491468069317
0.463765158591
0.0394611167775
-0.0290378700663
-0.0302640275695
0.00116660894592
0.043557640088
0.166692775734
0.434450038667
0.442845061713
0.0976540590764
0.0228440480249
0.0256110533903
0.0699839370374
0.154170983039
0.259012938866
0.312842722048
0.355285108572
0.161762115631
0.108198647541
0.129964879805
0.18068019764
0.236744951597
0.24302751194
0.162612640846
0.225072835696
0.16805040805
0.143111478798
0.159603108396
0.18609454752
0.18690261269
0.148282236552
0.0621107254323
0.106724107365
0.110646826856
0.108941016066
0.124708555288
0.123149971413
0.106947319967
0.0651541545538
0.0125907152606
0.0350767305648
0.0461995883916
0.0395850727218
0.0557409115413
0.0634765481792
0.0549869738495
0.0202290957974
0.000218260968079
0.00548331323146
0.0212634437647
0.0223741148835
0.035578779815
0.0316477646652
0.0145654160644
8.20160350473e-05
-0.00520373248259
0.00644265059336
0.0353592223681
0.0741313284074
0.0761293059475
0.0901407544031
0.10236457748
0.0533137142108
0.00794962743158
0.0252650899403
0.0503000274981
0.0743204449339
0.0281433619584
0.0251953701645
0.0756107817225
0.084302018211
0.0307351930965
0.0379307266714
0.0532939511478
0.0662847550966
0.00418657389328
0.00157610143676
0.0377719895981
0.0816365991507
0.0523842751574
0.0340293658537
0.0508020891588
0.0549626780945
-0.0200146775815
-0.0229359324695
0.00986550207714
0.0648819929668
0.0570379754218
0.010328041838
0.0349474188891
0.0432501311442
-0.0343216093245
-0.0356715561198
0.00890681042386
0.0527174076118
0.0504498354329
-0.0155286649401
0.0349591548831
0.0500851837929
-0.00396762199403
-0.00669579468846
0.0357140431591
0.0414714928921
0.0340681868606
-0.0173376875482
0.048713374256
0.062099838849
0.0185433519389
-0.00319259488581
0.0411926514374
0.0245094591328
0.00389754394294
-0.027304559134
0.0425604448452
0.0658668599017
0.0235118462476
-0.00592080573089
0.0206328646341
0.00181410312429
-0.0236735702517
-0.0293637201373
0.0452765370972
0.0583581190243
0.0132830458286
-0.0260093926014
-0.00916394573398
-0.0247665309097
-0.0471297355427
-0.032955484458
0.04436589369
0.0618858896671
0.0106708591295
-0.0332830928009
-0.0255940860168
-0.0356529584705
-0.0516930403437
-0.0236502066376
0.033078691622
0.0463508166606
-0.0110017045765
-0.0579677078831
-0.0363220642977
-0.0486226742661
-0.0539036567712
-0.00983144537855
0.0334084141399
0.0495489847996
-0.016465415305
-0.0675869262035
-0.0488553840774
-0.0596163069336
-0.0493143863946
-0.00285809706554
0.0164503813674
0.0257280284981
-0.0301584891933
-0.0515441026996
-0.0376432681583
-0.0438694807174
-0.0268432778605
0.0187043547753
0.0310257417767
0.0323661066618
-0.0207836997234
-0.0364585810395
-0.0311477358154
-0.0323937575722
-0.0196675467308
0.0227307163184
0.0251882616312
0.0336217406225
-0.0126133485938
-0.0369988357867
-0.0156449337024
-0.0275552989433
-0.0159906459298
0.0191187734086
0.0196321218544
0.0363441591562
0.00108803764978
-0.0351623306948
-0.021325905644
-0.0246256604095
-0.00949169790574
-0.00698134272381
-0.00745810713242
-0.0151501437157
-0.0383025761198
-0.0425701402825
-0.0497250231356
-0.0386698010975
-0.0174870223535
-0.0124378564578
-0.0111529768517
-0.0184235397959
-0.0354040185067
-0.0377814316093
-0.049333959293
-0.0551382986932
-0.0401645028041
-0.0125444737699
-0.0255369785374
-0.0634464360792
-0.0809858190246
-0.0569628712563
-0.0584142229284
-0.0661440279517
-0.0703320867739
-0.030869441246
-0.0578891958177
-0.0959355931294
-0.118990023679
-0.0976493433563
-0.11234357805
-0.112334683511
-0.0919416680317
-0.0478332360538
-0.0748608129367
-0.0938667440268
-0.0963138909905
-0.0782323753161
-0.0938534786185
-0.10001976799
-0.103825328566
-0.0805176649142
-0.0990558659346
-0.101605660377
-0.0858930184539
-0.10066220993
-0.0896340528342
-0.0812029279679
-0.104854162944
-0.117827608831
-0.110527923528
-0.118450605748
-0.122701050073
-0.123208200458
-0.0747304663168
-0.0660111528541
-0.0931072973818
-0.146370209669
-0.119178162624
-0.138738867275
-0.127717210262
-0.0854461496065
-0.0498470581529
-0.0421837525988
-0.0780563379622
-0.177686355927
-0.141288918236
-0.142488679231
-0.11412875564
-0.0526579688319
-0.0372835957185
-0.0318522644159
-0.0799845518442
-0.195506460792
-0.137133605971
-0.116682215243
-0.0807475490687
-0.0283576842324
-0.0177869397985
-0.0211122941539
-0.0790664067045
-0.205783371644
-0.131750925681
-0.0819122102749
-0.0879517177374
-0.0365290620965
-0.0205640257765
-0.0273447636578
-0.0792421555051
-0.190990315283
-0.147980363516
-0.110087631275
-0.116643704611
-0.0700208563417
-0.04225875543
-0.0498417662428
-0.0889530977783
-0.142754258187
-0.133093183052
-0.150468271694
-0.14743711913
-0.0922209893019
-0.0622160369442
-0.0871983575749
-0.0718702414796
-0.0959780016072
-0.0739264741832
-0.110317203429
-0.12931771564
-0.096592883859
-0.0806570573351
-0.067378736278
-0.032529534307
-0.0583790886241
-0.0593976451267
-0.0789004314948
-0.0792321707219
-0.028477524181
-0.0177230992807
-0.00928895500747
-0.00790725421349
-0.0273293023306
-0.039776034978
-0.0505215181455
-0.0592946452607
-0.0207221298603
-0.00570368518135
0.00173791701597
-0.00463885016407
0.00238353849292
-0.01556578677
-0.0346310993196
-0.00778803894869
0.00870872437786
0.0183580804613
0.0291803536494
0.0321741272949
0.00506048385904
-0.0104357585798
-0.0349701957709
-0.00921383248493
0.00824313132089
0.0107433837676
0.00336449367891
0.015029825166
0.0155970693421
-0.00517850543965
-0.0402054711594
-0.0268099186672
-0.0146142113666
-0.0102759922779
-0.00214823554181
0.0283888548258
0.0418200070474
0.0249848620103
-0.0168640048227
-0.00469783657644
0.0131728848837
0.016681198848
0.00580448088956
0.0350493334951
0.0941962865157
0.0452440730514
0.00888656614509
0.0294979371843
0.0432611818626
0.047247647914
0.0224473627462
0.0345241330014
0.126379825333
0.0684822318815
0.039846560728
0.029942510995
0.0269401204949
0.00762781773826
-0.0215219381565
-0.0079088799327
0.129195638696
0.0722275044116
0.0367876311334
0.00144901199072
-0.0108650006188
-0.0317813237092
-0.0762815865173
-0.0515409575327
0.104623241155
0.0858893437308
0.0478100840075
-0.0165359014033
-0.0345628201395
-0.0606267209946
-0.0811702180222
-0.0666913180312
0.0956190082883
0.136936983907
0.0925306957419
-0.0117062935081
-0.0402652598047
-0.0532536264453
-0.0596068965954
-0.069844681367
0.077053585546
0.138767028868
0.0876079430624
-0.0107470301383
-0.0404711310985
-0.0545611204593
-0.0529707716427
-0.0749202789853
0.0759529261524
0.12523263592
0.0696359824915
-0.00490526511226
-0.0258316370139
-0.0382426014783
-0.0453619940999
-0.0767676674006
0.0585897850792
0.0997776158461
0.0579011538947
0.00254243440557
-0.030895767353
-0.0362773794693
-0.0392833208385
-0.0816998646478
0.0416197635164
0.0566074595819
0.0185438754296
-0.0116909149677
-0.0398798890147
-0.053576807484
-0.052405056615
-0.0818205539077
0.0113187023905
0.00728715392881
-0.00332665582511
-0.0129435203287
-0.0389084562596
-0.0469309332616
-0.0533048990992
-0.0645144146317
0.00931907462211
-0.00625046700131
-0.0238477201944
-0.0357084609272
-0.0606754397524
-0.0652119895278
-0.0620505735935
-0.0375139678571
0.00311629153612
-0.00493183848187
-0.0277280956054
-0.0447485007133
-0.0627513124895
-0.063732384263
-0.041251775627
-0.0140435482
-0.00387883219043
0.00142663503441
-0.00239617017401
-0.0198801420038
-1.67818620853e-05
0.0117467623484
0.00680091937201
0.00282380311881
-0.00476021042677
0.000272808804308
0.00468801653675
-0.0143380262153
-0.0038132367644
0.0069679573809
0.000426769673868
-0.00362879368872
-0.00468192101393
0.0118057377888
0.0229542360796
-0.0226149754425
-0.0190948117878
-0.016774987996
-0.0239887265509
-0.0218957245843
0.00398219501494
0.0167826062968
0.00479076088134
-0.0553292061553
-0.0166213009459
0.00036258977209
-0.0196765500112
-0.0373866276581
0.00882576479544
-0.0040716463641
-0.0364070388995
-0.0710007029484
-0.0356102376396
-0.0215966202408
-0.0430572793045
-0.0571380698622
-0.0316621024778
-0.0477930571285
-0.034840127128
-0.0650925892296
-0.0526302341354
-0.0273621064213
-0.0368550425325
-0.0718395299528
-0.0864891317122
-0.0456563334001
0.0185629387405
-0.0300159578636
-0.0198993442938
-0.0150196068937
-0.0291881579555
-0.0747772386651
-0.154225416883
-0.0436806915786
0.0347191907552
0.0149256368155
0.0114871544917
0.00861262755027
-0.0127614558745
-0.0639402655813
-0.192989016237
-0.0594038161449
-0.0166263561208
-0.0214195271534
0.0308690489608
0.051823070778
0.0367116825561
-0.0125320757924
-0.197642353756
-0.0775225005875
-0.048897700682
-0.0572783778895
-0.00969755444928
0.0304004300668
0.036683700102
0.0269219009482
-0.178215636265
-0.078971523349
-0.045493085472
-0.0709427956759
-0.0391756074218
0.00737758551343
0.0185010778366
0.0398105190081
-0.127219752839
-0.0838833111705
-0.040450248952
-0.0535035329686
-0.0318598458312
0.0040816280846
0.00859875505998
0.0259958454383
-0.0490110232121
-0.0441213868177
-0.00895170436032
-0.0388153776451
-0.0543507282496
-0.0119423065807
0.0108733986092
0.0264943951619
-0.0139286904773
-0.0218204378787
-0.00688987420674
-0.0358741311088
-0.0465156445869
0.0181580501951
0.02085079679
0.00992933793782
0.00251424121506
0.00494984537047
0.00130741871491
-0.0177929861989
-0.0265496057147
0.0162515603245
0.0100055946779
0.00541386384551
0.0131302073132
0.0175458221827
0.014451497362
-0.00445671767713
-0.0261810159487
0.0031004745652
0.0036642024215
-0.00118786080692
-0.00814545783191
-0.00423508457992
-0.000487949042277
0.0107804075849
0.006557167179
0.0010191579843
0.00597105694734
0.00658266950676
-0.0125790500104
-0.00849373182145
0.00953884351303
0.0271721393385
0.0212242772279
0.00648188833621
-3.41221728008e-05
-0.00361471805301
-0.0164645172425
-0.0105583287467
0.0123224231071
0.0330535525797
0.0237903984603
0.00989948385018
-0.00285558748151
-0.0128638156431
-0.0220739929036
-0.0078654754934
0.0187370241319
0.0379284068413
0.0248749692538
0.0180985973968
0.00119675378041
-0.0146413769525
-0.024892306246
-0.00501364345318
0.0164990745665
0.0469733896684
0.039884499429
0.0358058024377
0.00356430223667
-0.010447208834
-0.013032003962
0.00645063805555
0.0231821356902
0.0744545924212
0.079620891585
0.0388595134706
0.00561119988238
0.00603466989429
0.00773682393776
0.0212409848968
0.0356207849567
0.0843885095295
0.0947064319826
0.0635709978322
0.0182933283134
0.0187902673157
0.0119441253203
0.0141283763218
0.0327539626882
0.074632746989
0.0894160988343
0.0568059292712
0.00592162757921
0.0117425443721
0.0136133418387
0.0314808789297
0.0368719743138
0.0821032628724
0.102748676097
0.06512458309
0.0135716328618
0.00282215364366
-0.0139902656267
0.000810865261327
0.0119910055651
0.0647840716778
0.0864639062744
0.0279223517678
-0.0171346248921
-0.0301373619412
-0.0337839131123
-0.0399715429227
-0.0155098679074
0.0464472486081
0.0760179487926
0.0209406081834
-0.0155851856956
-0.0466251951026
-0.0353951032541
-0.0523958087815
-0.0133603207732
0.0405770201765
0.0716312839928
0.00971331606015
-0.017835091863
-0.0467322395234
-0.0375783457574
-0.0508809715953
-0.020510100577
0.0308484982555
0.0645398414915
0.011786721379
-0.00704924326463
-0.0257824153549
-0.0359437977778
-0.0367347212427
-0.0140959991642
0.0241392266046
0.0426845712039
0.00588739309091
-0.00713803566453
-0.00891745360451
-0.0286266529376
-0.0363336579201
-0.0166744728987
0.00898081589565
0.0269199738533
0.00782667771507
0.00245072884216
0.00180061245533
-0.0118325457613
-0.0283946306612
-0.0244106322073
-0.00567569901428
0.0186440143185
0.0154417918089
0.00999917264497
0.00165719467789
-0.00617744479043
-0.0157409407556
-0.0403268770488
-0.0894643623999
-0.0853425348794
-0.0491028559798
-0.0281828568947
-0.0135558906998
-0.00360572787887
-0.0246279235298
-0.0553532135633
-0.0930241151074
-0.077454117733
-0.0573163320638
-0.0341099430102
-0.0147153850105
0.0193453669865
-0.027205954333
-0.0681726789873
-0.116569751875
-0.0977814410059
-0.0693468773586
-0.0410220044759
0.00113768485158
0.0568736027607
-0.0519010903789
-0.0875866631152
-0.11386485317
-0.0737535088511
-0.0340237388186
-0.0097094770318
0.027854759547
0.0954445757609
-0.101581699339
-0.117347559831
-0.123018961794
-0.0778109134113
-0.00574782876284
0.021667060572
0.0548176835642
0.107271961272
-0.0766997266205
-0.0510072349689
-0.0590685909848
-0.056027317692
0.0212130810438
0.0465674252934
0.0734195701154
0.104855885544
-0.0391039179484
-0.0506048982529
-0.0690109344335
-0.0701717854353
0.0246156296915
0.0640482767022
0.081519527052
0.103122785706
-0.00602640421875
-0.0495083508207
-0.0639073721666
-0.0522266920624
0.0663500947992
0.089704663782
0.0823345941631
0.0948652518111
0.000938456081196
-0.0592269077925
-0.0442517394481
-0.0220717714328
0.0937683059854
0.11914131635
0.0728695134388
0.0813741643803
0.0533470836069
-0.00873763371337
-0.00990255788122
-0.00344998554169
0.110125050954
0.14358744748
0.0720904210342
0.0529637909092
0.0715464830434
0.0557318849481
0.0423618036878
-0.00529947947197
0.0703292031575
0.102573743731
0.0684609776877
0.0194454059788
0.0348009767447
0.0302194659303
-0.0142492605784
-0.0626188184773
-0.00948020864708
0.0325760945167
0.0608633599355
-0.000570130185352
0.00477075830247
0.00200207967296
-0.0382992131371
-0.0598082867466
0.00457511067947
0.031122270903
0.0481237941778
-0.0156283267617
-0.0173035852106
-0.0250346432902
-0.0456466259253
-0.0740769784515
-0.0175806176921
-0.00785439292585
0.00185725853893
-0.0161498381605
-0.0257753955854
-0.0405329541479
-0.0589990154652
-0.095846997838
-0.0353733357444
-0.021570385145
-0.00916071849098
-0.0105746478932
-0.0194881550061
-0.0294560459154
-0.0524540004861
-0.0826762514778
-0.0261466660223
-0.0151781349248
-0.00961202020241
-0.0017033919796
-0.00816976184054
-0.0198218709773
-0.0242618752223
-0.0287591419567
-0.0233323346652
-0.0128175507961
-0.00072066286832
0.0026694896431
-0.0101436409883
-0.0216513838422
-0.0242743639954
-0.0305471364954
-0.0260486094779
-0.0204114919613
0.00550138409408
0.00729179996307
-0.0103835000091
-0.0342081004681
-0.051715332132
-0.0582407775588
-0.053616898624
-0.0298860213097
0.0112660912559
0.00324619217116
-0.0187856354732
-0.0599373908834
-0.0624849690668
-0.0530512145053
-0.0499880744074
-0.0159511011311
0.0107236102304
-0.0139728928931
-0.0569053991106
-0.0873305802415
-0.0674870607346
-0.0820099750598
-0.0755289255837
-0.0165879907948
-0.00830467979042
-0.0502376486308
-0.0666322151264
-0.0552826625369
-0.0428427792293
-0.084382099904
-0.0580095891423
-0.00597718835065
-0.0323205953187
-0.0792550916248
-0.0259163729947
-0.0416104251054
-0.0494554872349
-0.0768848626382
-0.034110235321
-0.00726041806124
-0.0519506929339
-0.103117413214
-0.00505789607767
-0.0423035283949
-0.0451148611577
-0.0559302652335
-0.0254852901925
-0.0253447944614
-0.064770421255
-0.12073935365
-0.00919283479311
-0.0256187969155
-0.0280627368938
-0.0493710860937
-0.0365244157781
-0.0383099223263
-0.0785289176371
-0.127014117673
-0.0296567754642
-0.017370732993
-0.0169554053195
-0.0437526246788
-0.0440971014587
-0.0415434402329
-0.0852377442924
-0.118688960951
-0.0787443919767
-0.0342325728879
-0.0259019097979
-0.0380346557188
-0.0351766886882
-0.0597272915453
-0.0959336449334
-0.0947837999546
-0.082596554696
-0.0355268159954
-0.0339845473965
-0.0225711343623
-0.0290877586649
-0.053241307522
-0.0811692182537
-0.0728568651113
-0.0683158768659
-0.034188323653
-0.0299195312166
-0.0127513298157
-0.0243447925921
-0.0396956499965
-0.0541153208926
-0.0459026757476
-0.0409058090188
-0.0229845778612
-0.0140281499737
-0.00971574478109
-0.0252391727782
-0.0303772221665
-0.0248720527957
-0.0368071716735
-0.0336350004404
-0.0208809031756
-0.0149326539419
-0.0170886610167
-0.0235796590178
-0.0161619274276
-0.0103946200352
-0.0239589692044
-0.0320845862022
-0.0289041115521
-0.0255804071427
-0.0176548417804
-0.0148343852111
-0.0107989270158
-0.00531759695143
-0.00260960288097
-0.00520781714866
-0.00791918788348
-0.0136250433425
-0.0144444597868
-0.0136528731777
-0.0121254813374
-0.00773483110978
-0.00484656629953
-0.00784258359915
-0.011912315262
-0.0127663471663
-0.0132822050446
-0.0108953508454
-0.0101068884114
-0.0062191319853
-0.00766297371736
-0.0116713646551
-0.0156175456801
-0.0163295459791
-0.0208937351364
-0.0140063511189
-0.0132495085816
-0.00631234828448
-0.0087720378788
-0.0173392228754
-0.0248547710405
-0.0241311589619
-0.0326936829801
-0.0229035747906
-0.0187988564848
-0.00514564648037
-0.00460663950283
-0.0295390471378
-0.0331420778173
-0.0337312154941
-0.034486275799
-0.0178831585326
-0.0105704025157
0.0154666287105
0.0109494325936
-0.0394195202638
-0.0277514208006
-0.0265340093215
-0.0197062032218
-0.0162646389628
-0.00208462971391
0.0410700618595
0.0177206813334
-0.0386537756728
-0.010948972745
-0.000668808651316
-0.00572267335447
-0.012259945975
-0.000196836691258
0.0532979212817
0.0229650149255
-0.0201660485402
0.00420359263239
0.0221301710955
0.0067241427997
-0.00807972476927
-0.000500471731196
0.049330257509
0.0209431684565
-0.0128875881717
0.013309145231
0.0255326409473
0.0120480642938
-0.00186557468791
0.010009565442
0.0423610706061
0.0145727765621
0.00737710427634
0.0305311889349
0.0179712272934
0.0173255277732
0.0177123720183
0.0248015713699
0.0277455694813
0.00243178497536
0.0132105526783
0.0117889138831
-0.00245758590905
0.0104637171659
0.0194439567381
0.0153767444615
0.00279152582518
-0.0132665043527
7.20502156922e-05
-0.0118146479491
-0.0138645518087
-0.00838506975214
-0.00712893240895
-0.00878618620275
-0.0118214036875
-0.0233776393006
-0.0190569284718
-0.02357273763
-0.0252363782582
-0.0245644843137
-0.0205352011047
-0.02024472581
-0.0142179990488
-0.0175371825109
-0.0198693771345
-0.0187781950187
-0.0176195587269
-0.0189124371428
-0.0114259806922
-0.0125673796112
-0.00879476933061
-0.0106052596857
-0.0124450908139
-0.0124909620462
-0.012367444201
-0.0139866220875
-0.00894035740718
-0.00754898795015
-0.00421571468801
-0.00635394460386
-0.00877592020437
-0.0105267382339
-0.0135701480368
-0.0139236939015
-0.00867189790906
-0.0063089570956
-0.00406455525009
-0.00650795889797
-0.0131934485553
-0.0320705785599
-0.0413956322617
-0.0428382702114
-0.0342523873463
-0.0178504470464
-0.00662904762692
-0.00805843259356
-0.0203992705541
-0.0272572943762
-0.0279897092516
-0.0233166168654
-0.0197661514311
-0.0103280139592
-0.00368439371382
-0.00928871609527
-0.0218856202245
-0.0256400670405
-0.0240309769905
-0.02098024171
-0.0167698269722
-0.00418546077359
0.000529980507287
-0.00767003462538
-0.0202922717999
-0.0256370823723
-0.0187798450638
-0.0202423915112
-0.014841095478
0.00418118595391
0.00361964915509
-0.011965312296
-0.0214161906753
-0.019032562781
-0.0183368283445
-0.0200778121091
-0.0118355241309
0.000610130265119
-0.00373556430192
-0.0340943043662
-0.0133119789375
-0.00571773162091
-0.0252454686821
-0.0155352583465
-0.0110135429125
-0.023026204943
-0.0182990764066
-0.0526467266395
-0.00761758550082
-0.0107285272136
-0.0159167214109
-0.00710869185098
-0.0198142113815
-0.039609568657
-0.0266942611429
-0.0675405062628
-0.0153298480147
-0.0046636606132
0.0141534906669
0.00885024635241
-0.0227699809851
-0.0436143225043
-0.0331246155912
-0.0678426013572
-0.0207799671262
-4.89950407787e-05
0.0154401687388
0.00780566681502
-0.0203487168359
-0.0340235438914
-0.0385295333323
-0.0570567080801
-0.0162974415541
0.000983853100773
-0.0103103318594
-1.79996107518e-05
-0.00638913422935
-0.019283981403
-0.0425971152806
-0.0345124807922
0.000683609265143
-0.0124452281882
-0.0253446207344
-0.00759567362359
0.00148685346515
-0.000470016805969
-0.0323092034259
-0.0192096933447
0.0042525748303
-0.0136402376639
-0.017706758742
-0.00749859259135
-0.0079273714234
-0.00617001061265
-0.0249298175848
-0.00866781608985
-0.00158940199301
-0.017977612889
-0.0197979378508
-0.0140735117615
-0.0190412321319
-0.0181263519355
-0.0239727353458
-0.00871765577673
-0.00913977116756
-0.0217950411981
-0.0280062674343
-0.0158511728015
-0.0204167682806
-0.0172755834361
-0.0184204385089
-0.0105069134035
-0.0122227793475
-0.0204096260314
-0.0315563071484
-0.0219239164137
-0.0296864588972
-0.024253988139
-0.0151887925225
-0.0097772807765
-0.0140261882798
-0.0229393750098
-0.0367253721353
-0.0397197833273
-0.0398127415698
-0.020151468068
-0.0124391836657
0.0251880548281
0.0275757990513
0.00646294960365
-0.0135326631667
-0.0131117782467
0.0128523014161
0.0363097832294
0.0376860082251
0.0325234813444
0.0455061838245
0.0251265610024
-0.00146472393813
-0.000654617754305
0.0288688105618
0.0490674097095
0.0528568809269
0.0296904328103
0.0424170250773
0.0350510776012
0.0101924199173
0.00955263046086
0.0440581041668
0.0649806674
0.0552827421438
0.0263993203536
0.0314650638336
0.0320082167748
0.0301435620104
0.0334735157128
0.0622702916034
0.074858916892
0.0453465053392
0.0155677332022
0.0191936931817
0.0279956120003
0.0320924900074
0.0499358607259
0.0828321279341
0.0707645524443
0.028673465406
-0.000456080152046
0.00911473071023
0.0191811018907
0.0302558665283
0.0608321479904
0.087376455135
0.0552513064566
0.0207834550596
-0.016259969319
-0.0083376461344
-0.000488700466606
0.0196814475298
0.0667873773602
0.0742184147295
0.0432774646581
0.0176293930905
-0.0250652787564
-0.0124658696876
-0.0124729189596
0.00776710521595
0.0569796887465
0.0465792846061
0.0359031380352
0.0109741533585
-0.0268491892852
-0.00902719455978
-0.00111367763194
0.00693555834672
0.0313584239929
0.0285923103417
0.0201197023425
0.00320983125555
-0.0232402741008
-0.00201867986605
0.021343259747
0.00997880337551
0.0184364027183
0.0173725710446
0.0170194072328
0.00321277688325
-0.0110258345066
0.0185845547353
0.0354554363863
-0.00205734579892
-0.00113088319075
0.00987726255063
0.0150614232886
0.0075246111826
0.000487186978936
0.0275244124091
0.0282480053118
-0.00155934657236
-0.0132046424668
0.0031987663727
0.0159294224131
0.0103752197776
0.0257819402421
0.0331777123315
0.0232629808326
0.00486445858471
-0.0176223496132
0.00354509045291
0.0190284489395
0.0132416745179
0.035984539899
0.0322627624294
0.0261749244431
0.00698846725244
-0.0149670014894
0.00215861865407
0.014692512309
0.0121384852087
0.034985811217
0.0307732912745
0.0274749426959
0.0104275549934
-0.00713095813669
-0.000159789171709
0.010538214408
0.0103200005798
0.0286568922173
0.0334979824467
0.0332160313892
0.0222570025283
0.000310629765204
-0.000996718102383
0.00905071618322
0.00628538809757
-0.0114242564487
-0.0233251207085
-0.0355672921825
-0.0607756366868
-0.083709511389
-0.0528939577674
-0.0409568716378
-0.0205228496801
-0.0122181419671
-0.0246731131996
-0.0402453770684
-0.050050165825
-0.0648693407676
-0.0561760276547
-0.060319065412
-0.034442913285
-0.0249541171026
-0.034258352662
-0.0581174892194
-0.0627582972001
-0.110823339361
-0.0986647994151
-0.101318724499
-0.0786208209421
-0.0332141523585
-0.0705302495194
-0.0875679816658
-0.0963962161971
-0.175061428322
-0.157107004139
-0.14969610433
-0.097527163556
-0.0500277263238
-0.0740548275076
-0.0601148984244
-0.147208155012
-0.167806387887
-0.126124274593
-0.143807449763
-0.0977910340571
-0.0908661773412
-0.0814319507499
-0.142958664799
-0.183291374467
-0.114020866803
-0.133727852172
-0.148881193092
-0.0926561948695
-0.167904831796
-0.137806202407
-0.191997120978
-0.168147454225
-0.0971273482357
-0.143925049833
-0.124951279369
-0.0899183833427
-0.212802516734
-0.151906839639
-0.144166515651
-0.13657688201
-0.150480783473
-0.142894538301
-0.0861442957307
-0.0832673567078
-0.259317621756
-0.142925745127
-0.115306575171
-0.109068563925
-0.152071986718
-0.130387503276
-0.0838986522411
-0.0872267024666
-0.24556346289
-0.0786965671717
-0.0750847442378
-0.0816185945857
-0.142563478701
-0.139151295551
-0.0753338026471
-0.0894878395963
-0.211914687966
-0.0693797919408
-0.0720447334997
-0.106566094795
-0.116483695744
-0.115191313031
-0.0709988742015
-0.073443600045
-0.183376018461
-0.0982131171719
-0.0673722311674
-0.105240340973
-0.0695665732486
-0.0751381024383
-0.0642992635379
-0.0783347406889
-0.139886585029
-0.132136293839
-0.123383659037
-0.146659544674
-0.109118379715
-0.0939289778178
-0.0728539158987
-0.0696662307139
-0.0696308452409
-0.0857245340612
-0.105219825423
-0.13045462582
-0.110953286501
-0.086727082814
-0.0654349776561
-0.0399145992003
-0.0269843177455
-0.0341500305323
-0.0495194713463
-0.0774660958804
-0.0636264601204
-0.0286320850272
-0.026947625696
-0.0143288708212
-0.0178812415403
-0.0368923387681
-0.0600693641663
-0.0728177698375
-0.0629343465548
-0.0243047552678
-0.016841116261
-0.00711974907472
-0.0055091495948
0.101849479571
0.0546729091766
0.0137147162241
-0.0024537871716
0.0115268120363
-0.00325341285294
-0.00575337102364
-0.00379200938534
-0.00309512069129
0.0194454631252
0.0701267245843
-0.00918389969816
0.0500883737532
-0.00229530808216
0.00796057434834
-0.013467577456
0.0392060066132
-0.0121039949642
0.0820471536282
-0.00793239789188
-0.00772744233092
-0.00335726723954
0.0150279588125
-0.00480795032601
-0.0100378507588
-0.00344613312587
0.0196958992386
-0.00175406506019
-0.00976899057032
-0.00256460037297
-0.00363760473046
-0.00248806276303
-0.00285375811389
0.0127131692213
-0.00215072484273
-0.00101355929849
0.0618045838005
-0.00579493801313
-0.0133581765505
0.0150626090679
-0.00394955922913
-0.00712070363431
0.0140189245174
-0.00437040810121
-0.0027453630222
0.0109379240738
-0.00450721029438
-0.00241786127201
-0.00284370963153
-0.00247443418836
-0.00669573380753
0.059620572835
-0.00165968258644
0.0112269152577
-0.0066534091592
0.0184046282794
-0.00312928457104
-0.0025780462553
0.0162920207248
0.0163033995772
-0.00429253876957
0.0293527681852
0.00545459558241
-0.00486081228206
-0.0147232439584
0.057218747319
-0.0065701178171
-0.00837082051832
-0.00693464052797
-0.00532131591996
0.0324571489961
-0.00728559881032
-0.00374663161995
-0.00157844615612
-0.00179095335733
-0.00163468245395
-0.0126807668437
-0.0115505527089
-0.00669209374458
-0.00709556636324
-0.00790136325731
0.0127774158226
-0.0177405460787
0.00568682143093
-0.00861246113711
0.017140518469
-0.0126102188962
-0.00599999464284
-0.035216698522
-0.0145281754774
-0.109606651011
0.0119036937737
-0.0142466236621
-0.0285027238551
-0.0173409992339
-0.0178047130079
-0.0183918192454
-0.00543845955818
-0.0210810547764
-0.0107389814395
-0.00809500713121
-0.00671776862398
-0.0494271502643
0.0121613066999
-0.00345508905391
0.0727000028576
0.0874617074812
0.0144204742559
-0.00566320044419
-0.00161502265324
-0.00180552921829
-0.00333090870251
0.00989497076484
0.0161728271174
-0.00140241488951
0.0256384103584
0.0545558147172
0.0154557157527
-0.00401539297737
0.00617650599575
0.0870894666093
0.0368568321636
0.027448274929
-0.00791147847147
0.0184776910552
-0.0024348535268
0.0365420368098
-0.00175039186794
-0.0082302306748
-0.00828231367979
-0.00461359564463
-0.002942292114
-0.0188280907917
0.0111338150971
0.0142752431413
-0.00554587542288
-0.00541969333671
0.0281320877585
-0.00294795841737
-0.00234126149069
-0.0215496148134
-0.00729702447547
-0.0230004291139
0.0220735904805
-0.00393743520277
-0.0132231422617
-0.0125182911661
-0.00552733966762
-0.00861118206577
0.00350352179645
-0.00516121432375
-0.00370813161737
-0.00343486952379
-0.00312181054071
-0.0216343297183
-0.00242474815744
-0.00261252148249
-0.00260451615127
-0.0156931487081
0.00944268081401
-0.00656343911056
0.0179617132759
0.0127539130087
0.0167670312359
-0.00306074152557
-0.00113888054456
0.00961777340934
-0.00489412330957
-0.019252051283
0.0152139333539
-0.00297162212417
-0.00601018107865
0.0116210025502
-0.00357600860723
-0.00307798666591
-0.00662547869592
-0.00466097738174
-0.00249702142262
-0.00201313571112
-0.00200638911436
-0.00564689281434
0.0194176136058
-0.00215127342018
-0.00254924544766
-0.0118229366925
0.0099106444681
-0.00415768249217
-0.00162148390672
-0.00167704113589
0.0160242008672
-0.00239720832462
-0.00147715345315
-0.00739277699303
-0.00317193055948
-0.0272272601489
0.0165178597905
-0.00253124940287
-0.0063055515081
-0.00391564881834
-0.00660220141595
0.0105590562751
-0.0054229756881
-0.00298041096879
-0.00168213637103
-0.00314029649982
0.0150869465355
-0.00982691838351
0.0388752213356
-0.00384495450031
0.0586087225559
0.0119801511084
0.0131867869812
0.0273731661967
0.012349916295
-0.002667744546
0.0138196234058
-0.00277904302047
-0.00145179169361
0.0202344467904
-0.00749391346788
0.209558146124
0.0422510249446
-0.00801127741809
-0.00807672331645
-0.00792098508624
0.0319602603081
0.0198495753994
-0.00707097510002
0.008952176013
-0.00311902173054
-0.00501055619109
-0.00278064321501
0.0498126410621
-0.00337269993996
-0.00255275442966
-0.00168502020808
-0.0148601664662
0.01312493262
-0.00389950443988
-0.00281555347286
-0.00319049942718
-0.00463805712881
-0.00195358013677
-0.000959306173467
-0.00669773540233
-0.00295963022794
-0.0119734114184
-0.00187330471813
-0.00452364694132
-0.00438710008367
-0.00401552419673
-0.00570388519741
-0.00316578778757
0.0016153071317
-0.00605801707453
-0.00131035561124
-0.00326088235254
-0.00271693105211
-0.00919328930477
0.018437183475
-0.00132671752017
-0.00130346366288
-0.00406146052935
0.0374566139628
-0.00175558850464
-0.00142171312614
-0.000907024162762
0.0376281554787
-0.00146106306077
-0.00115970859123
-0.00679064676268
-0.00333621490257
-0.00131724654622
-0.000872975749535
-0.00156375117154
-0.00338777940696
-0.00196651931045
-0.00377452019691
-0.00214378762875
-0.00736528498631
-0.00370318329596
-0.00113708253716
-0.0016441130451
-0.00160827011609
-0.00751120061615
0.00420316992601
-0.0107163330764
0.0112053088521
-0.0229309648466
0.102348751348
-0.015675736084
-0.00571015810721
-0.0137449057986
0.0705342717685
-0.00648415432006
-0.00486734032857
0.00382025676523
-0.0230420872371
-0.0640923074011
0.0255286997928
-0.0122283551413
-0.0173600313251
-0.0315269022592
-0.0215580748409
-0.0121104690948
-0.029976756815
-0.0163813511223
-0.00449904378633
-0.00846702836085
0.0979275852375
-0.0487864838241
0.0303499646476
0.0169410253062
-0.00390625355247
-0.015505839621
0.0277796661095
0.00498431930963
-0.00314885233523
-0.00570891882471
0.000993155229716
-0.00471320663839
-0.00175360080579
-0.0145777351077
0.00809574543972
-0.039967053216
-0.00386011934481
0.0856997310476
-0.0102449252637
-0.0108023662575
-0.0109034469964
-0.00659116533355
-0.0131024298125
-0.0103053558234
-0.00452622682065
-0.00549408550318
-0.00319900755953
-0.0176700651406
-0.0242522791211
-0.0225875777222
0.0182813408907
-0.0670907211928
0.0366641495816
-0.0405845689049
0.220047844726
-0.0200201636109
0.0376261381882
-0.0137303507194
-0.0125461133668
-0.051844986182
-0.0338610964922
-0.156704425412
0.00654951961485
-0.0338145311173
-0.0559832980253
-0.031305409872
0.00880848985024
0.0254185945024
-0.0371423978322
-0.0343255088855
0.0118984668745
-0.026400644931
-0.0130437113391
-0.0726165688701
0.0150482026417
0.0195078997484
-0.00221991823033
-0.0143291902433
-0.00170034344155
-0.00278350725676
0.0152243683906
-0.0021908021674
0.0191819351119
0.0128758092682
0.0146090708149
0.0124228815194
0.0778536932616
0.0706451377406
0.0139950558018
0.0147134461396
-0.00438859647064
0.0602465801574
-0.00443530464394
-0.00234313754038
0.0692552635927
0.0162868500744
0.0324084993475
-0.0016678438126
-0.00176072363345
-0.00755727924049
0.0185882735153
-0.00393262985261
-0.00443341861256
-0.020658769304
0.0132399600874
-0.0056659980113
-0.00237138910504
0.0310943934734
-0.00386685749701
-0.005232064296
-0.00261425333088
0.005465067965
-0.00429939772132
-0.0325047073532
0.0195179289293
0.00989396536609
-0.0089895948192
0.0339722827285
-0.00728094486259
-0.00424812860243
-0.0129025088239
-0.00664108813124
-0.00413890643393
-0.00521831727229
-0.00237476121845
-0.0122277943518
-0.00873447489968
-0.0101492706238
-0.00557466766696
-0.0292917719091
-0.00993391723501
-0.00880890802191
-0.00787543994185
-0.00449326163565
-0.0129901785599
-0.00640410756302
-0.00432649118694
-0.0205322312624
-0.00857072356013
-0.0741085778216
-0.00586644233121
-0.0136694791287
-0.0224490380582
-0.00887223442937
-0.0123020178632
-0.00560626050883
0.0348433398019
-0.00761585028858
-0.00304054900917
-0.00427443734351
-0.00421002757278
-0.0316659997756
0.0694750514807
0.012957801562
-0.00418850901142
-0.0191428127821
0.0170545654947
-0.00706339207444
-0.00387280666071
-0.00613078751249
0.0603789252263
-0.00386743221987
0.0171756080654
-0.0292403682171
0.0233340199571
-0.0270656212894
0.0729946861103
-0.0105964828738
-0.0110201174737
0.012077991791
-0.00801447062629
0.00625026359223
-0.0142405350023
-0.00572695028171
-0.00597072189451
-0.00465708781436
-0.00297191874572
-0.0187214429889
-0.00990449148099
-0.00371311716458
-0.0058395373259
-0.0257817336387
0.00706140722923
0.00384543585707
-0.00698225376158
0.0180186122749
-0.0126779520828
-0.00496434935772
-0.00228751138064
0.000140901377644
-0.0154837092968
-0.0299621977782
-0.00685636860132
-0.00969831682394
0.00163984456137
-0.016221718191
0.00658070575945
0.0226602077921
-0.0130060627061
-0.010624638939
-0.00383718108897
-0.00600597133952
-0.00604026661563
-0.028675577887
0.0189054879933
-0.0035847257522
-0.00537834778743
-0.00923806739463
0.0609237138354
0.00767893178187
-0.00345238036783
0.00773744673508
0.105314685646
-0.00561114020213
-0.00210866324697
-0.0115012705925
-0.00380160921576
-0.0274366908014
-0.00279561589797
-0.00593991039158
-0.00559289916564
0.00956825328976
-0.00488707251958
0.00305874397394
-0.00756431838723
-0.00367821068625
-0.00161830619713
-0.00232717290434
0.0126522348161
-0.0176338569934
0.0106176623804
-0.00485592374438
-0.0104751512408
-0.0217615223753
0.00263535410915
0.0108299056731
0.0117769253037
-0.00539170162666
0.0279850274197
-0.00571636605238
-0.0059554916103
0.0219252446476
0.0131344501457
-0.0100975297775
-0.00367805419306
-0.0102029162963
-0.0203661997906
0.00481144449942
0.0257718995895
-0.0123026161353
-0.0206130999318
0.000671690936126
-0.00399217520588
-0.00952153981019
-0.00520418672657
0.00270874446013
-0.00933399819964
-0.00319648809589
-0.00515561024877
-0.0202738594995
0.0394519228758
-0.00627840678419
-0.00275768260155
-0.00490301154822
0.015634745619
-0.00295717317752
-0.00281935855179
-0.0236737975293
-0.00642821402056
-0.0406247377506
-0.00484916721431
-0.00755412530152
-0.0129105895318
-0.00945751163307
-0.00981631112697
-0.00812802181705
0.000468796161752
0.0147175736142
-0.00212572697693
-0.00286305167983
-0.00222271437737
-0.0122049085191
0.0187772667901
-0.00122754326903
-0.00123075347901
-0.00587432088834
-0.00119549699258
-0.0019141348904
-0.00265113459424
-0.0025103739867
-0.00361533370957
-0.00212761159571
-0.00154345508985
0.00808459837149
-0.00224083871849
-0.0117254334444
0.0200000295831
-0.00236573266615
-0.00673747148616
-0.00315081842521
-0.00454779921157
-0.00286950364825
-0.00708583894731
-0.00414435744927
-0.00151761666228
-0.00134575649036
-0.00174396954533
-0.00883001639229
-0.00336687858765
-0.00308136149884
-0.00214877236812
-0.0125642119525
-0.00318669016908
-0.00488133932463
-0.00382056274984
-0.00191966289465
0.0158195828819
-0.00210713654782
-0.00146184664185
-0.00635641165764
-0.00405116518651
-0.019625081765
-0.00297639767069
0.0159238227737
-0.00910626864857
-0.00508196374103
-0.00596660861821
-0.0036517635494
-0.00999775497595
-0.00290810173279
-0.00122932207551
-0.00280339854735
-0.00189726259038
-0.00613644460338
-0.00283209543392
-0.00121920480908
-0.00183941315912
-0.00650026707185
-0.00139362916387
-0.00512219068668
-0.00249853145206
-0.00261638077518
-0.00235550124745
-0.00225802731696
-0.00181952893538
0.0129845862092
0.00852245229937
-0.0125635610253
-0.00244459970133
-0.00301761552122
-0.00462932433495
-0.00667943632963
-0.00360795901954
-0.00154848503566
-0.00423867378597
-0.00455935487599
-0.0019309325928
-0.00334058352035
-0.00187620074974
-0.00544136035054
0.000801681403357
-0.00818866782129
-0.014750927921
-0.03157625739
-0.00047248601603
-0.0131852456536
-0.0122295267117
-0.0111083158653
0.0242658703197
-0.010757319015
-0.00875057081041
-0.0143652862309
-0.0134713414714
-0.0866863874427
-0.0124484411734
-0.0134189437303
-0.0214777604915
-0.0237729604638
-0.0284538986373
-0.0179489420569
-0.022260292286
-0.0164908503268
-0.00665507771348
-0.00585361849067
-0.008232336777
0.0333755116143
