-0.377068705853
-0.464043506895
0.367107013367
0.296302161735
0.381504557761
-0.252805603682
0.131210920585
-0.241299765956
-0.259903523539
0.368127280913
0.348872920722
0.216627683307
0.196552721084
0.177546816152
0.347273522182
0.0822796264476
-0.439195491094
-0.015967849497
-0.0705653368974
0.209028754576
0.184763883648
0.141443034435
-0.0768338506842
0.236277359308
-0.325827308353
0.00649199273976
0.164283539286
0.27206771072
0.327412989429
0.239425043546
0.127224480887
-0.122726309514
-0.593629425355
0.285353637036
0.107554297201
0.233105880658
0.381363429065
-0.031328860571
0.113671619388
0.0268669279335
-0.508420195358
0.212726791125
0.303447084079
0.161410565592
0.138427304667
0.106342256662
0.0361474181894
-0.0295058262123
-0.299460654521
-0.180933605267
0.228693234422
0.174934605881
0.0407243192864
0.0706969124288
0.203805868849
0.0938284823909
0.370768177714
-0.299563213264
-0.0420728396295
-0.0548309300615
0.211813342585
0.469175660182
0.469344125365
0.274284979631
0.816410405897
-0.199693252894
-0.202668063043
0.405512889467
0.555674553111
0.56218881883
0.778015307322
-0.0284314805696
0.798212848658
0.0693960674059
0.0592255263705
-0.0139512985971
0.422305827601
0.701155788035
0.483960293269
0.384074707656
0.263509585212
0.135946450062
-0.163975117368
-0.252129987362
0.221853791923
0.21611279891
0.301720345782
0.791613808027
0.0859355630708
-0.0270565661879
-0.195467298362
-0.30988082864
-0.012324047741
-0.0845490993111
0.143814658118
0.676313328328
-0.0375580496346
-0.245625908941
-0.0921050502796
-0.498968465124
-0.117958853279
-0.318426845661
0.266310853103
0.584346335461
0.467129009278
-0.123981695822
0.0731344371307
-0.554530240424
-0.265170794231
-0.473824192395
0.149569283059
0.471531136483
0.227042241558
-0.331043550878
-0.0125915321456
-0.280059045336
-0.792246303612
-0.13654413088
-0.668311083894
-0.039170701818
-0.22651665305
0.208054848017
-0.390295511654
-0.624476550764
-0.717915308162
-0.48735319498
0.00490176910988
0.320512155457
0.282718611877
0.142581866687
-0.364506963993
-0.559724883657
-0.62761714756
-1.04720626859
-0.78085961604
-0.661933213068
-0.140224769343
-0.136321786736
-0.544439471205
-0.110412775868
-0.485925957047
-0.463502561627
-0.449909283161
-0.421481187761
-0.0527215947491
-0.215658381644
-0.293781515342
-0.339671587211
-0.178459166466
-0.174474004596
-0.749367782154
-0.176493948947
0.0611922715771
-0.197976893247
-0.378938607995
-0.334817897315
-0.464699344558
-0.104394938928
-0.144835965823
-0.290851463984
-0.0595900611054
-0.169639817173
-0.25404877427
-0.11160892493
-0.146017162142
-0.804845616542
-0.507211188512
-0.292661744429
0.16889463399
-0.293896323028
-0.370803064545
-0.312077812958
-0.502305409279
0.1015664819
-0.446899397304
-0.79210289205
-0.304345618081
-0.04185705512
0.0481951548275
-0.102621795052
0.00173779500955
-0.113523674004
-0.247171130535
-1.23878935927
-0.173375596171
-0.0925752773039
0.115570999538
0.0675600048608
-0.190693161181
-0.0329622729251
-0.230785541058
-0.337507265845
-0.304001531655
-0.124040710745
-0.0203279392737
0.321969216416
-0.044457330979
0.0160036185963
0.0671272833485
0.6675798216
-0.340410075857
0.163373364829
0.132886716281
0.146041673812
0.232275943967
0.00139897768506
0.122676067318
1.01178596324
-0.112919702874
0.353689066661
0.347074739299
0.134426133756
-0.255807730082
0.029347752469
0.527476036173
0.939143252346
-0.192348486788
0.37921553343
0.382526911668
0.403692443255
0.194410028562
0.487103158415
0.760016645746
0.828540337015
0.123359723276
0.343773924382
0.398291930598
0.706418541939
0.20334272014
0.419162474089
0.450331087155
0.551343116677
0.330328168988
0.496178886142
0.76457683729
0.292733673251
0.477746004176
0.409839727343
0.534468030778
0.4203594155
0.591205191286
0.417803183366
0.649370155903
0.443272528716
0.697534307061
0.318813463226
0.344159541341
0.0894358010927
0.532833657307
0.846964939548
0.707722671174
0.859835547934
0.710773565797
0.354157857267
0.185713907147
-0.428614218137
-0.447190499374
-0.188838614123
-0.496098520868
0.10437066664
0.403509829598
0.0791264588333
0.494808007468
-0.344098229726
-0.584564341467
-0.0778032554382
0.11173678614
-0.0367706733617
-0.0284907181045
0.303903121091
0.0680617466125
-0.183080129055
-0.583390305038
-0.638214748106
0.0503266173724
0.308120072382
0.085041518104
0.349426435356
-0.0215609903007
-0.00854054260451
-0.615419861738
-0.211604373005
0.178203847747
0.0618677982805
0.353845414174
-0.0715112754138
-0.0468895795811
-0.167384443962
-0.479948416345
-0.384455607383
0.102532632528
0.437149652712
0.108642754389
0.127961449107
-0.238452956344
0.246872611585
-0.598044864164
-0.100767763151
-0.0700650398876
0.304551503718
0.0170260680496
-0.0397097663129
-0.243142103195
0.215090147785
-0.00892338856301
-0.373690889347
-0.0670829122541
-0.228266385832
-0.549567122703
-0.357802008772
-0.441442005247
-0.6147196259
1.06633800273
-0.136853338321
-0.841413447225
-1.37560616648
-0.280234065883
-0.588442922263
-0.00464646002506
-1.40459742559
1.62455964012
0.124845943814
-1.62401189214
-1.35882882184
-1.5128550213
-1.03117170333
-0.627943463689
-0.301629401978
2.2039925009
0.944538046379
0.0116943173348
-0.803863420084
-0.791315763672
-0.507255794841
0.0156475594693
-0.256552095104
0.746712830274
0.124064414589
0.113074283297
0.159327221589
0.161559283864
-0.165365776347
-0.0303807730727
0.183159073693
0.0140692556723
-0.251594493748
0.282274642292
0.238397079971
0.221056607803
-0.0394208791711
-0.216430378466
-0.281589028909
-0.350846270864
0.0403767079377
0.386033250732
0.255467953347
0.109253539107
0.429215116941
-0.215107249074
-0.195703189949
-0.372717905925
0.0856380013053
0.0106140071869
0.516336517307
0.270403657736
0.242457988013
-0.0496215090025
0.0451335155175
-0.219339280323
0.191069626579
0.147199856344
0.424651955327
0.439758054448
0.269302278323
0.242401433325
-0.364360278441
-0.30459827942
-0.23369746317
0.166203356366
0.373713467247
0.620969001528
0.888657048606
0.770044423918
-0.298198414592
-0.4528803785
-0.222663660787
-0.682851593203
-0.631010171245
-0.412995818499
-0.328249173132
-0.512182653008
-0.316187366537
-0.263951914481
-0.332642666212
-0.16698397247
-0.229770953998
-0.521522437248
-0.0637963518835
-0.591508385312
-0.176956972474
0.19450627465
-0.173988544809
0.183415346699
-0.0313477045148
-0.0450793280687
-0.438618125694
-0.362548031052
-0.502992376729
-0.63709074368
-0.326183751173
-0.474910613445
-0.111475630328
-0.193146827609
-0.228977817064
-0.290736343533
-0.456575600883
-0.394638718922
-0.52046671762
-0.503458513198
-0.402472327439
-0.206636323191
-0.0526442842653
-0.291046257363
-0.355319841481
-0.858753540109
-0.187205746509
-0.186930289442
-0.139426046828
-0.265890500137
0.169947535862
0.169904593145
0.0909077130184
-0.913188354581
-0.411201947097
-0.332987920991
-0.0185085094156
0.167668504126
-0.0216289407613
0.517395589842
0.24445222224
-0.91719451934
-0.297457887753
-0.469609655485
-0.0669117650378
0.189962292004
0.290802566826
-0.0204793048174
0.345641592133
-0.302422002809
-0.0753075936563
0.230892226177
0.0616569987289
0.139373377565
0.419067554603
-0.139840273734
0.506145481704
-0.0380907148016
0.0875442256884
0.150168263517
0.0359207084978
0.297523641039
0.183842066665
0.395779374587
0.285736570649
0.334940658216
0.0701454695545
-0.0690044828531
0.0619448499325
0.636657715672
0.296393319592
0.480328547237
0.175072070624
0.513184427115
0.445225842239
0.305037272275
0.215084698196
0.445364645366
0.726033506084
0.47456174085
0.0525165221504
0.494869442163
0.571462982365
0.269902750726
0.369545143276
0.285471918666
0.296376678218
0.453468260617
0.617948662259
0.528154130683
0.484922169431
0.523126876094
0.18459153668
0.339829843739
0.692331485313
0.388680763061
0.491238991112
0.26513921689
0.490102307253
0.449569043907
0.405474679481
0.411963416454
0.268538720605
0.504745699117
0.519272050176
0.386157995768
0.449243354485
0.833143483647
0.846585049895
0.504110186277
-0.0900606038742
0.292973791823
0.706844097062
-0.555159593425
-0.292389415748
-0.0682536075361
0.21157684378
-0.171894165155
0.0505674010989
0.572718188229
0.223658346129
-0.373666169277
-0.0793613156476
-0.178062250961
0.408973546253
0.231268793407
-0.0197918988484
-0.0533153986577
0.0106170944951
-0.250459713408
0.154366069008
-0.0455327297658
0.104465527167
0.25243380626
0.0310642022861
0.329974587167
0.0699935511228
-0.307966490627
0.144364393199
0.349971565637
0.181804603485
0.18303727485
0.301828873723
-0.069773932022
0.211052486287
-0.318495605918
0.377648729634
0.0762061250553
0.393360213154
0.318702401405
0.191496940013
0.141230545781
0.552190668163
0.338661410688
0.35375779176
0.394501896279
0.11747443347
0.117783063696
0.141459623618
0.208427219289
0.301290662315
0.476948641364
0.603763069855
0.320507886862
0.330246520574
0.185614741679
0.119531192117
0.00438639037869
0.514352947633
1.00211013022
0.595412754962
0.354359502541
-0.0646030341736
0.19356134969
0.256276766377
0.293977394733
-0.418321887624
1.17335629794
0.777353225684
0.365197069054
0.0194440152304
0.00396984333989
-0.174112176023
-0.485142284633
-0.791556327417
0.810115405213
0.460602971887
0.284068668849
-0.269918040713
-0.469397693111
-0.650884727869
-0.560222890088
-0.36706466533
0.402185090172
0.204370978751
0.188589154576
-0.0454475050525
0.0407507948908
-0.223560430696
-0.162729960399
-0.0665556490043
-0.407406604075
-0.197093408099
0.0746385435352
0.296054553102
0.022609730822
-0.00795509749557
-0.163028904717
-0.246910081802
-0.353029298348
-0.00926372593926
-0.0382062997965
0.148832306573
0.211567839323
0.106462750814
-0.154964018494
-0.0343399753241
-0.537302817861
-0.0577045482947
-0.0922161075909
0.151382672317
0.51147567726
0.0973304341066
0.0743377656212
-0.0268040719217
-0.220273848666
0.174706834994
0.220535114442
0.240455747929
-0.16543624905
0.389539633249
0.115366654963
-0.181996766354
-0.388888550205
-0.42636815498
-0.165163683194
0.294509347064
0.415505465637
0.267888360023
0.278218692422
0.803569309056
-0.381105587073
0.205001365452
0.401823629487
0.524918829048
1.18200832499
1.10448079285
0.917288632539
0.709877894231
0.153779925503
0.0429071764497
0.488464817627
0.158428866895
0.564559624342
0.754743675119
0.866304606953
1.08361554087
0.198186043707
-0.025384261839
0.211687211283
0.419412971914
0.410478224914
0.436555076296
0.881976102486
0.439078700217
0.0744117448703
0.0393925333349
0.0432019448887
0.52308757628
0.295158886717
0.379413774637
0.630152859643
0.578660658982
-0.397054460234
-0.142208463384
0.10474965025
0.26033505388
0.0810359111521
-0.17441404957
0.143326207039
0.19709534375
0.181523561912
0.272302344035
0.0129940026406
-0.301471340572
-0.336212734782
-1.0917839338
-0.530367081506
0.180489741684
0.0216388404261
0.0950355996607
0.111538645188
-0.100336439746
-0.295263239959
-0.569472570629
-0.638139586825
-0.286342352435
-0.0553026209146
0.381111442325
0.361902543393
0.596112138038
0.151491011819
0.125473547667
-0.447480318397
-0.463333796436
0.671173630597
0.56227716555
0.411991311577
0.191968496794
0.27971824145
0.0884587236637
-0.0967660413585
-0.572266109079
0.169397381722
0.503603189883
0.073074704767
0.408324388709
0.280504405799
0.076004036154
-0.612990180177
-0.997771028401
-0.336461833469
0.293442935934
0.411405636043
0.0532361973833
0.263041861433
0.162022924548
-0.378309594179
-0.904631652806
-0.109358649642
-0.089208184277
0.111970824919
0.27057862184
-0.130321649414
-0.133642146926
-0.385337417219
-0.556778688134
-0.935921985192
-0.227690407468
-0.545393567462
-0.0916242792401
0.21077696825
-0.28823525755
-0.734899557084
-0.528807440699
-0.28156904648
-0.897626215658
-0.462441913426
0.0830009744879
-0.0283045805105
-0.536141793595
-0.481525045013
-0.587505335494
-0.560622103283
-0.280875143009
-0.68189983529
-0.258282230368
-0.362394855317
-0.0827993433883
-0.180204067211
-0.653229857204
-1.07617774829
-1.03842359627
-0.453687049583
-0.685694245168
-0.498638357467
-0.599575440924
-0.362659618806
-0.500425136192
-0.37957383127
-0.11681248795
0.270512130952
0.309237664405
0.538693288471
0.330608594815
0.269678056578
0.31829294628
0.238526575254
0.407910642257
0.440409454956
0.330711118066
0.210699537121
0.0956056272231
0.201427439032
0.572245463334
-0.0157175399596
0.293943103423
0.419568672362
0.320671397276
0.308298805939
0.236574211823
0.166981789074
0.0948087340981
0.501705333749
0.253497727766
0.470846552661
0.613449728398
0.163298928657
0.171855630549
0.145035137903
0.0491458804733
0.252207985831
0.407937589758
0.432103203318
0.369739589712
0.576159046276
0.551280077202
0.0325109982927
0.0783453469544
-0.176805340277
0.192111724449
0.402034741039
0.205141258289
0.343500255379
0.447239461301
0.472196364958
0.187614855242
-0.0419276062165
0.166341753029
-0.171026240134
-0.0226246285693
0.0867427001781
0.252085895795
0.498956320802
0.340411186185
-0.91441626471
-0.233347076772
-0.363095929069
0.0116856619333
-0.0868418325868
-0.0368390920465
0.203948133926
0.106315278368
-0.468815712208
-0.831387831333
0.279232861876
-0.592388789243
0.0665503323394
0.394231502667
0.328495236139
0.334149811435
-0.256675070263
-0.661505845184
-0.26764630861
0.229633794094
0.120293219975
0.446475924051
0.384784580566
0.525501296397
0.190632512117
-0.306947352436
-0.302499471945
-0.433581489019
0.131670152565
-0.0484716469628
0.39534495881
0.42879242946
0.110526628413
0.00064761038365
-0.323153002811
0.0375656854859
-0.302100582564
0.162637508684
0.222935699689
0.382906653956
0.0460509958165
0.0605828069519
0.0286992610303
0.112050468253
0.0335612711494
-0.0898092457934
-0.179972639074
0.240995910764
0.0705161367592
-0.0139699402227
-0.0300100672941
0.0803041544645
0.095545140418
-0.212859025716
0.212601342303
0.249709040551
-0.077157668306
0.242074120997
-0.00631613759233
0.182493962846
0.0941238340513
-0.282311513821
-0.197673234922
-0.0265883271218
0.00556011119271
0.0358935039768
0.133904875015
0.519100130683
0.2537401995
-0.217414306526
-0.0978085719603
-0.0349229684085
0.0258865459105
0.238645474181
-0.198898745495
0.000271989713823
-0.210699464421
-0.61051266015
-0.337038258467
0.378041930536
-0.0925410577597
-0.124918320031
0.105498095571
-0.110833699108
-0.371319879671
0.102344184691
-0.628436612794
-0.380650954907
-0.0941299451766
0.16494340507
-0.508005082098
0.0168877342788
-0.622338571632
-0.291854268117
-0.237363649352
-0.0513973794668
0.238044094171
-0.602213978877
-0.38237504857
-0.501272294554
-0.464012298614
-0.12204537066
-0.550213557888
0.0509987102697
0.309400488578
-0.192538832082
-0.405639195958
-0.713129572159
-0.717261787747
-0.762620066276
-0.72938503205
-0.352400503772
-0.316392965218
-0.178924834411
-0.162413207665
-0.465235163968
-0.351853480576
-0.462700437647
-0.438351047253
-0.705746193808
-0.209757571156
-0.0515906340814
-0.083055830613
-0.00989191946861
-0.514453386089
-0.54390173857
-0.250267781784
-0.469218535618
0.479742992651
-0.0431167029815
0.0780505258525
-0.0183168106453
0.131022635416
-0.157965843958
0.235575830779
-0.0810167707912
-0.116616611832
0.0967804964506
0.118553390602
0.35430051699
-0.00989370927673
-0.162647893976
0.519893029473
0.0883664909189
-0.170373611559
0.251314341859
0.522072849356
0.0506416080721
0.16036079741
-0.162612830499
0.1755752285
0.241739945594
-0.223531284602
0.325646416206
0.551729342402
0.111718637161
0.29270897756
0.305769703627
0.647253573776
0.449805426678
0.0920006038099
0.708784056051
0.491412204298
0.420625520612
0.317278816904
0.20683688002
0.509865927708
0.687451970327
0.0530655285445
0.504609112818
0.527355584796
0.242462190609
0.158762052618
0.0546148076145
0.648749328381
0.682724769061
0.7124963944
0.580334002006
0.596480543461
0.367424461748
-0.365292995894
0.241160942065
0.523863428761
0.694154139702
0.562217865306
0.232556388662
0.426425804634
0.197183800872
-0.841645548273
0.312502885921
0.645033233025
0.581439018556
0.28437973984
0.81568239248
0.517266669321
-0.936380492084
-1.61495877608
1.16544220996
0.735510037261
0.813050475712
0.479308788489
1.05481590539
1.12622721309
0.477071948503
0.413798846407
0.627826783917
0.50060029365
0.342064342601
0.185463927649
-0.0818156838863
0.232424192763
0.201780455945
0.415033257617
0.160322873091
0.175521516039
-0.200913851862
-0.225764482468
-0.174765838596
-0.474237551613
-0.391312340263
0.145445837301
-0.111028591315
-0.307951260811
-0.30541845403
-0.638527455837
-0.816367201386
-1.04527380435
-1.07135956738
-0.945923282894
-1.02037786878
-0.831407292364
-0.387380821992
-0.550345064981
-1.08892953658
-0.907779275526
-0.508624785648
-0.564853110611
-0.388336348546
-0.230969140314
0.168217168041
-1.66097052094
-1.41373220258
-0.211802557623
0.229860387067
-0.0364522860486
-0.498375955983
-0.343496667307
-0.456627154702
-0.305241199468
-0.0984376956808
-0.12503292071
-0.25283475183
-0.116610287946
-0.132189198717
-1.00542736516
-0.950247084112
0.012414540043
0.118530047096
-0.224037335643
0.0245630130384
0.137409408869
-0.239733946028
-0.340566469805
-0.842844465115
-0.349604359026
-0.595535430639
0.0601941565948
0.156222114472
0.00706066637019
-0.289520224621
-0.22269691467
0.150902755377
-0.489310760484
-0.207320784563
-0.118941567896
-0.0946865995483
0.346680498022
0.202257862643
-0.170684735411
-0.251585345811
0.0850963356374
0.102713767352
0.254399617585
0.37615800105
0.24006479576
-0.0501146396181
-0.452765033248
-0.247066519714
0.060241046866
0.401762794776
0.116955547386
0.343618480984
0.316342789101
0.0972371139912
-0.14299605314
-0.0077162125872
0.238990290778
0.232693239826
0.369602724433
0.727378737203
0.450448529737
0.184638904341
0.605140588739
-0.0470301655508
0.0547684417159
0.351026465739
0.388389748568
0.381328816972
0.460293941916
0.345963120426
-0.0887696557436
0.232726006106
-0.0067891805448
-0.0340031603937
0.112053554374
0.388852432968
0.589398751418
0.534972719489
0.210753310962
0.496519332667
0.462620951087
-0.0288369988143
0.256475607965
0.0913592534414
0.667798840137
0.110885794982
0.308189113594
0.604098005864
0.027524805665
-0.0770093583221
0.148579485172
0.212906021496
-0.189475500439
-0.120277786393
-0.130528365542
0.176679995215
-0.089932990778
-0.306015241632
-0.201404957069
-0.504600806877
-0.308009203041
-0.301333415986
-0.412883827804
-0.143139434906
-0.533353895729
-0.613422716074
-0.483336222285
-0.563958439731
-0.356119839507
-0.669128228179
-0.52269492228
-0.249200983459
-0.282180580132
-0.270078521013
-0.296808836775
-0.177231746387
-0.471344876273
-0.0221587780022
0.327785289261
-0.0864176064134
-0.302997338926
-0.232577403557
-0.278795395227
0.180225644678
0.040831430602
0.247757449396
-0.145781220093
-0.485970691479
-0.251567395948
-0.227880026665
-0.235516132688
-0.0799009014113
0.0798403574128
-0.183743888541
-0.178773218456
-0.0555976533969
-0.550267959973
-0.500541546754
-0.263033725649
0.291019692567
0.121524913966
0.078534313771
-0.168032487515
0.0935573794768
-0.635872208775
-0.485913242906
-0.521114725839
-0.193469645726
0.124900562781
0.0975282809335
0.0546679170447
-0.0237641113257
-0.486912012385
-0.523470264535
-0.758343767256
-0.158619907448
0.101340351828
0.145048233946
0.23478782466
0.0426756579004
-0.579881088204
-0.536116425571
-0.598670524865
-0.0450286111823
0.0240090954253
0.0588681201141
0.272093316829
0.303351228367
-0.0438426290716
-0.119165273534
-0.295638488825
-0.324580800712
-0.0804287460279
0.0755472452728
-0.0186678385458
0.28481171071
0.387774376248
-0.0777053470686
-0.238126469739
-0.275775279194
-0.0448029173594
0.28827569414
0.248896067741
0.586314573713
-0.0270396006502
0.131937817485
0.252924256272
-0.370714348608
0.07905995433
0.341564376933
0.428419573922
0.348968521878
0.242967401286
0.146742456838
0.105048011156
-0.0222293662502
-0.147271656576
-0.0621216945656
0.245700270826
0.328159886049
0.122586235901
0.214717589161
0.464970667604
0.768174227222
0.862803625909
0.324485928977
0.531473815917
0.345976822196
0.0547752328247
0.0583365329536
0.71879238003
0.997426955467
0.910118265724
0.545094917788
0.379260534202
-0.032937917564
0.145839551837
0.16262167169
0.067157457003
-0.135875929189
-0.525879953428
-0.780254763713
-0.611645309525
-1.06816567868
-0.252562783575
-0.143217189188
-0.251488206687
-0.263954485819
-0.144493711303
-0.816849933412
-0.550825885552
-0.421414390611
0.398445281179
-0.240027543873
-0.274309235419
-0.213563873023
-0.722071872035
-0.466907349881
-0.0794004387525
-0.43676594939
0.0532791347824
-0.160795774912
-0.111730865918
-0.493318054064
-0.211346385823
0.0373819912531
-0.344999710071
-0.740334011372
0.436716524975
-0.118036369029
-0.614157114409
-0.243030391624
0.0362439801478
-0.172005079075
-0.369118171842
-0.942754361374
-0.000361878418993
0.0378742313575
-0.0659837511564
-0.137978306828
-0.361821746534
-0.066209363445
-0.171684677473
-0.183702124809
0.0508223357064
0.128262778401
0.358750066632
0.13800550958
0.0144033736229
0.0769487775671
0.0560445374574
-0.261445211927
0.202869362615
0.312033434354
0.291710906881
0.131881986355
-0.315994630017
-0.180639496814
0.0363492578404
-0.222823513098
-0.0466148639329
0.390952630433
0.736442378054
0.0989291402279
0.13705516504
-0.0360990876618
-0.101448663348
-0.744630332985
0.132803449158
0.659216703061
0.531815297199
0.298381308077
0.110723598906
-0.0408415815632
-0.111992281841
-0.809911449342
0.330382134284
0.365038812959
0.40418910547
0.389194396551
0.149200903113
0.301960865401
-0.149902880092
-0.526734206614
-0.211108010467
0.653169287493
0.566125100725
0.37904876764
0.459442509647
0.122236286568
-0.0526754309826
-0.390290157138
0.736361188942
0.157122990889
0.38281497876
0.380859443052
0.119147986756
0.0646758545943
0.151434618652
0.17171923956
0.251869829259
0.621390780385
0.213018271346
0.163141449599
0.5448017153
0.380573866727
-0.0095390505576
0.261885643015
1.19599962839
0.0658029948125
0.109486247921
0.461981876875
0.205877327131
0.183037950089
0.428877445689
0.408309257325
0.462850489532
0.897444842679
0.258442180873
-0.364307657278
-0.543105035345
0.259475617857
-0.103334916404
0.283418130906
0.992567642985
0.285187054303
0.667989600708
-0.117052482892
-0.101869415239
0.00890449431782
-0.559451666963
-0.114824767975
0.146722523646
0.0524171393045
-0.117974985309
0.240099991106
0.253940728593
0.102169790096
0.1872826618
-0.187211540838
0.186913307829
-0.0686145882897
0.351580458053
0.165323316111
0.306170443705
-0.15886439849
-0.151034356388
-0.316527545687
-0.022857573252
-0.0684283006014
0.0670884061771
0.524656994922
0.212631994931
-0.154113003451
-0.144564743113
-0.49062295476
0.0319003286883
-0.0607081594057
0.000514707174883
0.0920455707295
0.0315396503356
-0.227730571504
0.087083155238
-1.10921584171
0.1463975588
-0.0529088900808
-0.00590486599884
0.482278822135
0.348156064505
-0.144234237836
-0.127528353533
-1.41462960739
-0.829369202311
-0.252472738189
-0.0305326326089
0.0271886361785
0.275145419429
-0.128689819911
-0.867882644695
-1.14700998097
-0.165177548458
0.0432987713085
-0.327135178107
0.0720531858482
0.279517421588
-0.854198264712
-0.954036643359
-0.604936442545
-0.0950792921249
-0.169227718879
-0.193334308165
0.29079431066
0.0435831706471
-0.766571753742
-0.770858189781
-0.782854390656
-0.0902120155242
-0.362051082957
-0.265048652086
0.0327834392225
0.0207730736275
-0.231321956074
-0.974168527564
0.0138348360897
-0.250095034181
-0.717220545719
-0.404406289997
0.191726337751
0.152995614306
-0.504647381347
-0.56899949334
-0.0957212221033
0.445521334085
0.17357405622
0.207920263176
0.3089204324
-0.0617714358772
-0.228232383093
-0.636494907705
-0.119945966597
0.47223571362
0.236634352459
0.27351986052
0.503182665723
0.397928576323
0.0767249782344
0.0163849606461
-0.748109850985
0.21550032233
0.0642651793709
-0.230952753388
0.278071524911
0.318689969641
-0.217742552104
-0.169135443091
-0.243260906969
0.479273114573
-0.141170546155
0.532225024322
0.162369624142
0.18441096225
0.437589106223
-0.0859863467037
-0.080247329566
0.224842300738
0.568475936428
0.186410300022
0.0264958147556
0.693472568407
0.34105776874
0.472270134199
-0.00724791040341
-0.203073992062
-0.244947205459
-0.107421527242
-0.132971711923
-0.360899495304
-0.281893722644
-0.324252840175
-0.202499963714
-0.0904117906802
-0.266138646881
-0.275156582418
-0.150324312832
-0.347865952074
-0.512456613456
-0.361617784602
-0.219687340215
-0.221710256441
0.317704885839
0.0466605592896
-0.232044441092
-0.234904934678
-0.337161632214
-0.222405544545
0.132921958004
0.124048194589
-0.11679056385
0.044241223225
-0.229264637964
-0.183131157364
-0.157650229057
0.357199716591
0.173547915537
0.268141505338
0.372419734811
0.232723371112
-0.19732215247
-0.050967392202
0.090272173916
0.186825701135
0.092493189906
0.263427605302
0.382226381411
0.248692131114
-0.00249634312168
0.309842465784
0.0862346804927
0.6778329397
0.118651990552
0.733804977704
0.358684284905
0.382430661697
0.14420140894
0.205202800949
0.600057179177
0.463015172803
0.525949708307
0.19836027516
0.257393547759
0.787684415135
0.390965369401
0.522521116879
0.561280622523
0.795259244238
0.75351190626
0.0899790321104
0.255679573342
-0.156272831533
0.637750613371
0.610453235475
0.179022046099
0.429017851773
0.418465919594
0.403916462723
-0.201172895943
-0.715148270862
-0.0839240891077
0.232231319691
-0.537529212753
-0.580935801747
0.303176694214
0.292887680242
-0.534405522378
-0.912016546599
-0.207021940212
-0.247927916632
-0.706547046649
-0.319779447797
0.0885068114588
0.450729311758
-0.677235215566
-1.08747457271
-0.384400818463
-0.465179206455
-0.59851406752
-0.664529383175
0.14627840174
0.0061751509873
-0.303764372307
-1.00373951931
-0.738670146393
-0.507906714877
-0.233198469487
-0.371513236988
-0.048145901485
0.0314857055651
-0.307489185702
-0.816113763682
-0.531517500672
-0.332216476144
-0.166702359216
-0.283402775073
0.0714947750088
-0.0447528040847
-0.346746851345
-0.43896081195
-0.450623661859
-0.071656491232
-0.344862611155
-0.191321586865
-0.402116518143
-0.0136942265327
-0.257908618886
-0.271487259656
-0.301922725484
-0.321611086304
-0.0286793490459
-0.212712968458
-0.222641079336
0.209200061338
-0.18223383762
-0.119529346258
-0.104699966185
-0.176248931407
0.138607621759
-0.849972886127
-0.436233770372
-0.156148137238
0.258602337785
-0.00557503197347
-0.142460983139
0.0759424797331
-0.0491268798749
-0.200646977113
0.180345809502
0.398971844168
-0.322320425949
0.243039218876
-0.0434380510624
0.235955699645
-0.0859387917503
-0.400547968605
-0.0707631746346
-0.0796840420103
0.335459804079
0.0268818138572
0.0563741839161
0.112203907736
0.0332564078233
-0.2758700385
0.406865787602
0.107975253694
0.0900650399521
0.0354793553577
0.105438258327
0.186414101519
0.0622096395263
-0.00746234618394
0.376770446417
0.506977456364
0.188451568148
-0.00644197532412
0.014830759548
-0.0119288328401
0.3271694926
0.0768777185744
0.316373173296
0.548583673163
0.204704843748
0.227888110836
-0.18434588126
-0.0497042976682
0.0706763491032
0.191522229776
0.554002409584
0.460902926498
0.639644333703
0.209057916577
-0.0114192754454
-0.714426839833
-0.0867983112443
0.671525343463
0.877317707012
0.294756768154
0.784723476497
0.408605063084
-0.0932762787482
-0.648084652844
-0.14775405757
0.661039866853
0.264503021401
0.381545442928
0.330287543977
0.163675591363
-0.0856249695536
-0.98114446426
0.215460082193
0.356707713379
0.612044242636
0.292773654097
0.240025527101
0.00156229420736
-0.547005563777
-0.965486508261
-0.0483892302599
0.14678340664
0.810045409892
0.379539525774
-0.211029597638
-0.278956138964
-1.04547643559
-1.15716044436
0.0540179610585
-0.0500731181557
0.550199192502
0.206834560797
-0.29911908823
-0.0516088444312
-1.24326539479
-0.692989435998
-0.350385716246
0.180403212433
0.299553942331
0.343991617673
-0.205525358396
-0.286705777539
-2.01052581049
-0.444976030358
-0.14635199064
-0.0996304449006
0.493270944372
-0.108553168018
0.189570282363
-0.593975725934
-2.02891370014
-1.19171991817
-0.151810584005
0.159349867984
0.033846152683
0.388402914888
0.184733780263
-0.679813367755
-1.61384232442
-1.0921479851
-0.63028351879
0.140875683744
0.229458721317
0.112568151208
0.0190088256919
-0.35266722115
0.28562392715
0.176962698612
-0.0243595496745
-0.130058189918
-0.244777561286
-0.610036752763
0.098883795243
0.280408995838
0.149288807963
0.183604353293
-0.204905964817
0.0835355072955
-0.446495435953
0.0331952689188
-0.118712039997
0.0811352116158
0.409330598395
0.171887476676
0.124856835961
-0.228200863594
-0.151287614615
-0.0132672666845
0.391984469614
0.0844152668091
0.444255615846
0.295772294214
0.0184928443504
0.0834547307817
-0.312242065743
-0.0531406822779
0.135140056926
0.46056948731
0.239458804823
0.325818913372
0.209350714503
0.0153405744895
0.154419375043
-0.140313371023
-0.0732675258602
0.132297686183
0.381960210865
0.374886807455
0.400489821522
0.11792610577
0.483121789423
-0.151461047935
0.111521554472
0.045064141175
-0.00454030284897
-0.0733567292691
0.0223024631843
0.332138617031
0.752532304009
0.560557977401
-0.13593232086
-0.423563220999
-0.643320591958
-0.822005024782
0.0850279997784
0.376151017511
1.00573887212
0.653515384012
0.00888687125646
-0.350110550141
-1.24833167137
-0.740708046486
-0.809727305252
0.03869007054
1.44614245302
0.652035977389
-0.0294461768566
-0.348782454261
-0.501241804215
-0.601930189261
-0.0217710953776
0.0978725422716
0.357114444726
0.265485539074
0.25323970496
0.0311175407072
0.124632987926
0.0230390523534
-0.0655509328901
-0.00603353450679
0.0235344934385
0.0412505190929
-0.1237191619
0.122705316982
0.167285591496
-0.061581777252
0.1814972829
0.0343142337784
-0.287397768393
0.145469790317
-0.14286158719
0.118504787409
0.394327640481
0.00826209003504
0.110804823547
0.061136718941
-0.366811279099
-0.347100272654
0.135270053677
0.104288157066
0.294114745571
0.437304375846
0.0658648855436
-0.0560137744406
-0.416604255869
0.052817114613
0.168288195883
0.453014075057
0.23973195752
0.121678951153
0.372234516161
0.0304843299311
-0.306231975452
0.0283869587823
0.597271419422
0.248872923349
0.392354658081
0.691532778984
0.0726673784706
0.0783313601818
-0.445729977668
0.127596663868
0.441531206585
0.918257164104
1.137955472
1.11424906472
1.25894511811
0.489299156539
-0.084364970183
0.260143201466
0.437362481947
0.693051724165
0.603015508485
0.62863802429
0.511017630515
0.52531334238
0.293213925791
0.650623933393
0.313164415944
0.488072775166
0.675687139041
0.368214253325
0.798659860585
0.604243597782
0.301989621955
0.521885571184
0.810965645233
0.434158041368
0.746440091309
0.404253564094
0.334026075628
0.403394848563
0.653470220325
0.146574720323
0.0554784612857
0.455231509175
0.202049893492
-0.0190924267305
0.543537370445
0.471599044506
0.495803358667
0.0957060103081
0.365714556608
0.0892082405138
0.117129465837
0.17278629294
0.316514084509
0.601395703583
0.738685525115
-0.132503500054
0.0840856152008
0.435942513949
0.262922244392
-0.146271936162
0.300533563131
0.335093994873
0.666080011162
-0.157400912195
0.175801636418
0.473399795019
0.119892216688
0.0899421804202
0.0579240122836
0.177751536016
0.0572401583947
0.170839866338
0.197705444758
0.130631309397
0.094222884074
-0.0255744049189
-0.303944782593
-0.236189800585
-0.107317959177
-0.282382749555
0.215088412119
-0.0747841387826
-0.0119884912016
-0.0987818493598
-0.408186254529
-0.734725530613
-0.788230177678
-0.084286165659
-0.0202744501918
0.0399502329694
-0.0398884389209
-0.251647901842
-0.494552736661
-1.03513734649
-0.939496904796
-0.34536431805
-0.133806446647
-0.166616919621
-0.414594444458
-0.437251494631
-0.600169152892
-0.775716089331
-0.860818684405
-0.23348019815
-0.257288649771
-0.50465893127
-0.232504916997
-0.19258942794
-0.565948134582
-0.409900111652
-0.907043763514
-0.557160517891
-0.510846920458
-0.253881126262
-0.263938902779
-0.293386460176
-0.995595533397
-0.381083750433
-0.556203505336
-0.114628215844
-0.586983511571
-0.312844743117
-0.297124449586
-0.627516415717
-0.11633682801
-0.768737587741
-0.266158098453
-0.38430315177
-0.561747821766
-0.533731875921
-0.549446241363
-0.469512515472
-0.53641056615
-1.20018880736
-0.503681597551
-0.0642014238694
-0.100677876672
0.633320138698
0.386184178041
0.303018397644
0.361511299876
0.378929298949
0.137734251218
0.0644090120327
0.202116858007
0.547924715207
0.340086720739
0.611017234375
0.258569524993
0.621222933488
0.30032036027
0.224460138568
0.48586131748
0.429443012807
0.546330941009
0.410888363247
0.156936629087
0.547200247526
0.0038645080034
0.502169914634
0.401201434994
0.383187528789
0.387595825936
0.297212749749
0.368028348437
0.0700676415238
-0.0596689799306
-0.00426045072471
0.637826712934
0.512530379374
0.115291139464
0.533579942299
0.051418560472
-0.0276570130553
-0.602217271066
0.223367345282
0.28303122325
-0.0602951433711
0.629451164384
0.181352585217
0.168039825515
-0.148823534295
-0.228024235723
0.0691838453519
0.0688501913344
-0.0140666328588
0.221362859197
0.109508541949
0.0190506749738
-0.136362272928
0.0496561845551
-0.552167697433
-0.325075499909
-0.0197099825343
-0.119608059505
0.334524523551
-0.394380232507
-0.0938558227795
0.360467483677
-0.519146813937
-0.045106759211
-0.228186839853
-0.130918658894
-0.361170361024
0.132505793943
0.135438252756
0.205884913193
-0.543399757322
-0.388650451515
-0.175955256075
0.180024754387
-0.0862560260595
0.161189965429
0.250591559341
0.00531457438991
-0.139507209688
-0.390118009644
-0.485486742803
-0.0965781817005
0.104867424759
0.11394284228
0.179681129962
-0.346843400714
-0.197728245354
-0.125235667966
-0.0426993498064
-0.234515806079
-0.108931267214
0.0223838137317
0.155606964906
-0.232154143407
0.0376568675845
-0.364464545915
-0.109358407485
-0.132137399828
-0.0166940247015
-0.141886986366
-0.787589434348
0.375159191652
-0.36261034442
-0.227681162761
-0.217264697326
-0.0826663379227
-0.375103552408
-0.0319949683605
-0.0647591189361
0.165493831642
-0.242881709048
-0.185370569839
-0.158234643617
-0.0562812343802
0.085499739834
-0.577715827674
-0.248588019665
0.187692087399
-0.162583044455
-0.136763833318
-0.204473939757
-0.143873977919
-0.242941889996
-0.286572206775
-0.191050932767
0.0209137430747
0.613967412979
0.0946769489612
0.0132800372992
0.455588975078
0.744522658358
0.471679019612
0.448017726783
0.597673256847
0.223545181961
-0.0851577790082
-0.297091545037
0.0511445788406
0.41567468957
0.355568140572
0.206450013622
-0.0811009260826
0.570277496189
0.635931698367
-0.0576435420817
0.0637438405772
0.322726172641
0.221959117764
0.234121744009
-0.133504901541
-0.108919564163
0.341083101648
0.68605769627
0.191681589047
0.448459814871
0.304240012235
-0.0899476220985
-0.0114334334232
0.393953043958
0.0751680038359
0.142460790393
0.370716132973
0.417844975856
0.349445483023
0.0833391683038
0.329410138954
0.439978422747
0.459590102832
0.148402846665
0.00556832463584
-0.00174731061421
0.163910291443
0.304454438323
0.113006554986
0.768503388834
0.431771132039
0.262849097185
-0.153672125182
-0.200789705125
-0.400354450355
-0.648937221292
0.431102187163
0.706024982513
0.830321457957
0.236475569671
0.0535031979085
-0.558895753082
-0.380996060674
-1.11049230112
-0.978009260133
0.71305852384
0.81335408635
0.585129540403
-0.0653165336737
0.0798602775423
-0.701553093591
-1.27866894254
-1.37180710615
0.245275109274
0.665148186431
0.480236506695
0.165067013321
-0.160221403546
-0.348647759694
-0.929958713931
-1.48028713834
0.566920127168
0.150038888813
0.316868422385
0.0396156047451
0.0280127087298
-0.152793621497
-0.924474774837
-1.89395729806
0.0128363921711
0.0831050842109
-0.169982397848
-0.000745266208291
-0.0165444889951
-0.756885697672
-0.607106807873
-1.77397036834
-0.150253090523
-0.414492523568
-0.238696840058
-0.117043814269
-0.101612377849
-0.457464015894
-0.868963362339
-0.910331567948
-0.223875632636
-0.273780660722
-0.173326864984
-0.0905313747119
-0.146569414058
-0.300234816359
-1.05867735545
-1.01793357588
-0.428429152041
-0.234772566686
-0.333719675043
-0.322137511346
-0.0918725557389
-0.12859277941
-0.465000743809
-0.943402943381
-0.229298083938
-0.459384167162
-0.668644275326
-0.278716147671
-0.666967344128
-0.0654545776102
-0.420031959027
-1.03839692811
-0.539994211383
-0.160871728306
-0.0191036718658
0.31905711528
0.461797314918
0.340263560321
0.269305166802
0.336361819993
0.0254987644553
0.131251504169
-0.0128144235612
0.179907213355
0.0622862678841
-0.0498563536906
0.200183140443
0.538562900343
-0.44884894955
-0.0907125648714
0.178967361043
0.292610484709
0.106581693083
0.113645372361
-0.0107994710618
0.296484942508
0.33228440058
0.136758205579
0.194985114062
0.132160380934
0.194235581449
-0.0586206745148
0.151430201772
0.359532363403
0.154539194345
0.352410869759
0.394762452088
0.296314066106
0.0113995567289
-0.156122407478
0.161136915388
0.325437666743
0.152939197913
0.559030566532
0.300705998868
-0.0460095145425
-0.217943762241
-0.210444691255
-0.937979341767
-1.0005895233
0.424104784609
0.326716856407
0.22570826338
-0.271617453007
-0.164375712673
-0.373183670368
-0.586792553342
-1.83597013649
0.103166543825
-0.194090665445
0.181835639267
0.232067187136
-0.42900736971
-0.0454161222859
-0.537055553028
0.0576325066473
-1.11112317232
-0.572462094737
0.0879959574217
-0.268645639649
0.205998939638
0.17733926512
0.504944707793
0.921313304314
-1.5195193078
-0.742124254095
-0.738245453674
-0.417960089227
-0.206234193485
0.228879496581
0.793042022479
1.03249733567
-1.36202271386
-0.682863635199
-0.622359975566
-0.574603293319
0.203830212969
0.91528189931
0.696685012092
0.97334109791
0.415432999433
-0.271374657646
-0.128875503356
0.0506880945854
0.398041986826
0.171859003446
0.476692899637
1.07508919788
0.146085115053
0.226585394799
0.063140509376
0.106993567248
0.237610883777
0.147484899332
0.25146250977
0.080103987052
0.262879400968
0.314815456278
0.133107455193
0.417482935618
-0.359775436911
0.278080701208
0.00453951557191
-0.0379986373875
-0.157185354704
0.346590488975
0.144311288922
0.098349608526
0.253856550512
-0.338049162921
0.0900625762614
0.131254372756
0.929099978132
0.0686703595011
0.358410943915
0.378761171261
-0.0269481749633
-0.351049293567
-0.345096109552
-0.426614739938
0.315476860079
-0.161056509097
-0.308755259849
-0.570924565057
-0.335670413119
0.329648336074
-0.0205039815797
0.830618686767
0.191363596942
-0.303670014313
-0.0384750462627
0.322207230546
0.259935825879
-0.0413136000725
0.103474408915
0.0612753851759
-0.0855233812904
-0.279737453249
0.271096297168
0.359705931993
0.336549812784
0.104031577723
0.299954392946
-0.142033444594
-0.281486298083
0.00549897119162
-0.00860529119001
0.291185447309
0.428998273485
0.255617658917
0.0227885842088
-0.360843029083
-0.241988878513
0.0785479073689
0.426169660224
0.616851838464
-0.137715686613
0.34607035254
0.358711919124
-0.26406678109
0.0940558220456
-0.129574296903
0.221540554187
0.285665643902
0.551515708866
0.225194450567
0.24537105389
-0.151978438631
-0.218445321626
0.237630812494
0.0997148429318
0.206890059666
0.0811692200146
0.169536996137
0.4856389282
0.325415095917
0.00255513611285
-0.239456383095
0.151885513815
0.193961261314
0.203398650684
0.285779662189
0.0243131975923
0.283089420731
-0.0712685655071
0.282646035588
0.131507911445
0.187290377203
0.159823075174
0.324008610774
0.176639600795
-0.0153995009542
-0.408303381086
0.0325676996092
0.441803647424
-0.116022676369
0.248847564537
0.0570075794221
-0.0938075580821
-0.473944123191
-0.613983493707
-0.182060138961
-0.265557250066
0.0495786780361
-0.107520587581
-0.12026110092
-0.187389325236
-0.994577651892
-0.808994551675
-0.422283643209
-0.0722686267198
0.198214354903
0.0323147818069
-0.156336005888
-0.240956064508
-0.313932774216
-0.588971388557
-0.283598727637
-0.244622482552
0.00401546169543
0.0673291971744
0.0609096376668
-0.212354187602
0.0863882234301
-0.932254143364
-0.550346092968
0.0657865394369
0.210345188543
0.31223351525
0.146723422597
-0.114290465467
0.316756619127
-0.518006365308
-0.222785429759
-0.405232385357
0.154558798511
0.441493675237
-0.031476358514
0.15122829079
0.543801372072
-0.139587427367
-0.963241121228
-0.550910308063
0.200623588614
-0.209436225672
0.413956641065
0.528522048964
0.607595230607
-0.144916495726
-0.339189505197
-0.637451528343
-0.983674510486
-0.995934358459
-0.357813075846
0.143223355818
-0.215869762449
-0.420615446529
-0.180953894951
-0.641466300782
-0.7984916502
-0.946617444626
-0.346205788937
-0.0465972309522
-0.381293344117
-0.145636420702
0.0561197736105
-0.734848038897
-0.827235717223
-0.712422211015
-0.27163511858
-0.210381911941
0.244218013384
-0.251867492818
-0.107556257313
-0.574604201248
-1.03484398484
-0.335356661392
-0.431849072291
-0.127941040519
0.198953012066
0.124783699867
-0.258089399844
-0.586691045745
-0.877841410603
-0.334394047583
-0.0789724719412
-0.274322052731
0.328517506243
0.386776067634
-0.440006868253
-0.406328225233
-0.730588916811
-0.500417856478
0.0236341990889
-0.0304019219094
0.9509531126
0.75381387512
-0.0641747878681
-0.911677725671
-0.574604979534
0.204769215763
0.10161580264
0.446384847742
0.484653326923
0.420659811808
0.106986157866
-0.576418043408
-0.43241140472
0.214132644983
0.341483347614
0.398684022431
0.271996270947
0.99421734539
0.325638872149
-0.758087320539
-0.0441631848409
0.300042662141
0.7999707305
0.352796999944
0.354899640372
0.80817875987
-0.0473618634471
-0.021912513529
-0.371193361737
0.212791824815
0.510162344796
0.832589443193
0.341967607938
-0.125904702276
0.242061444556
0.336488308957
0.13488224807
-0.0249976399974
0.28016584864
0.607308278746
0.529102140588
0.0281563465882
-0.247589686103
0.221786840463
-0.153085743065
0.329168659048
0.230574771601
0.569715997937
0.23076282324
-0.182845746214
0.157511295284
0.372901410302
-0.173440213479
0.0495952904121
0.592586360993
0.319346377619
0.303917112701
0.111778110187
0.169536720977
-0.123040505567
0.420549394619
-0.0529956804018
0.268439343457
0.667629287183
-0.189990996887
-0.573998711823
0.135695738944
0.0381679418331
-0.0153922256381
0.279666747759
-0.084288480031
0.318616375914
-0.190434091935
0.101039022203
-0.128492009589
-0.0710412848604
0.573803025037
0.716168772891
0.415212288846
-0.462239450262
-0.0831790995901
-0.243477825198
-0.134113061116
-0.636360117396
-0.602676323258
-0.673468730544
-0.200144710626
0.453827165559
0.407400630524
0.209071740859
-0.221117174806
-0.683626990266
-0.508486860608
-0.954231463999
-0.0136197560377
-0.144787513276
0.490356618814
-0.135691006023
0.192911726448
-0.195431872512
-0.931961015832
-0.714167846284
-0.322275196298
0.49767387258
0.877865707632
-0.203918389173
-0.309042682867
-0.137654469798
-1.03887132305
-0.490089213343
0.0105525221658
0.488146579091
0.560728734392
0.318443885526
0.0869445418232
-0.220319610382
-1.13879003665
-0.412937303484
-0.16692209
0.189369911703
0.713554088831
0.754841775116
-0.113553205112
-0.355365908893
-0.518726822042
-0.459477540879
0.0669296528861
0.15997564697
0.646435348272
0.804539907252
0.246173611104
-0.348235715351
-0.463494493629
-0.498459048216
-0.263027703095
0.469604801674
0.321008055046
0.450451368566
-0.0745934350107
-0.0446607833199
-0.391207747563
-0.678936404058
0.177537575371
0.18687786836
0.161439934844
0.0539040134329
-0.39696677387
0.0553612817329
0.059540614684
-0.317551988891
-0.269447904741
-0.120042568306
0.0491337501819
-0.0634841434089
0.203251772772
-0.0906740062769
0.277605243323
0.0910846345234
-0.16596239479
-0.0289353490575
-0.347528913908
-0.33687244558
-0.231847794967
0.303707877639
0.468522368198
0.0485190706692
0.168315497111
0.129492999204
-0.248108027181
-0.615249168465
0.156077012831
0.211746802335
0.37685606026
0.305724878062
0.169015114398
-0.191615595921
-0.216405769451
-0.575431791613
-0.165939601325
0.197212182738
0.0911947811743
0.0305290983333
0.245331716835
0.131941766813
-0.452434729216
0.23193441542
-0.286147295136
0.04257061366
0.349734739567
0.0377263952214
0.151491650569
0.31557240577
-0.455297251875
-0.402187851803
-0.224680267264
0.0874776465287
0.153394539601
0.345697404892
-0.0477176376184
0.030540323999
0.184687774503
-0.675086083148
-0.295392351051
-0.24635531684
0.0372770804826
0.575198122896
-0.266986930957
-0.10030897092
-0.351970557827
-0.0875944280218
-0.12571910279
-0.150953362134
-0.197625455706
-0.190441159544
-0.211858237307
-0.177624063926
-0.241596085616
0.0515760697772
-0.195267232262
-0.176328950688
-0.17206328679
-0.159086995897
-0.197385485917
-0.193554362203
-0.218601828552
-0.118320938698
-0.334601749582
-0.336029744001
-0.369045961964
-0.32762674679
-0.142008666193
-0.343226417459
-0.17784688842
0.0227175099825
-0.596633910198
-0.266763003381
-0.354808222381
-0.365519606958
-0.593366262181
-0.390312565905
0.206458587186
-0.0490601737666
-0.875595365255
-0.318540634234
-0.323973840701
-1.13022429498
-0.611698716535
-0.448369817132
0.424759674754
0.09398892757
-0.683710438317
-0.665704183293
-0.574094310511
-0.353947960323
-0.926183269221
-0.313749118816
0.970289425315
0.229066001875
-0.905438580748
-0.431437379478
-0.278330453233
-0.177283883685
-0.704426579425
0.128209530188
1.62094490811
0.521594046085
-0.406952414093
-0.114462650491
0.4545198542
0.37288337227
-0.461801835029
-0.304267719596
1.16054763981
0.165253496386
0.109998337453
0.429020679292
0.548376511221
0.54718886965
0.360861624102
0.0430803159562
0.225563126827
0.405226841909
-0.0314058206541
0.49558741733
0.733964247509
0.229578591292
0.286972242448
0.0242277388914
-0.0101787972007
-0.35351950829
0.123403424192
0.487624175899
0.450565232859
-0.0634712796524
0.193679178723
0.159265100705
-0.122016145701
-0.114210446906
0.20435173808
-0.17269968861
-0.139149168271
-0.233458664243
0.16107709915
0.341847142636
0.076232446937
-0.247511742826
0.214116197835
0.0985111027133
-0.0627921257461
-0.0143684144722
-0.251482460932
0.0329043656813
-0.476854211495
-0.141838207676
0.278185381808
-0.27560367202
-0.425763790846
-0.37651591124
-0.249679364308
-0.282024558143
-0.500972633444
0.149646555572
-0.111837391086
-0.297708924621
-0.285427032864
-0.24840778592
-0.233635933809
-0.214086872488
-0.181294431556
-0.162079958951
-0.16865495838
-0.182538839549
-0.172521558117
-0.174430777041
-0.164515844438
-0.168100677699
-0.0820517590572
-0.053002188087
-0.152609671794
-0.250706536675
-0.322921543492
-0.184418171161
-0.219609614003
-0.100836612239
0.0316490029598
0.394175689419
-0.404308687938
-0.274175781608
-0.0737036884727
-0.00534093086591
-0.0557091686129
-0.0890100408195
-0.191813101634
0.28398562404
0.108151440899
-0.13876381069
-0.237957544127
0.0299962543996
0.214381731776
-0.0673673860212
0.207263165511
0.427336996643
0.381446782242
0.211679935761
0.142439836609
-0.287810743072
0.253613173879
0.430442567291
-0.345537022446
0.298471316442
0.325318251784
0.00135650414832
0.0374902714452
0.0244136742651
0.0684297869277
0.701621521186
-0.189458986618
0.144686569131
0.435773469544
0.0697381921218
-0.0135734558013
0.280626547181
0.0143436112834
0.0545581110478
-0.548907146097
-0.28772142742
0.25168003749
0.253836547221
0.457685726338
0.234962649633
0.244119733654
-0.146189258363
-0.861102558833
-1.29932687995
-0.0799532858697
0.78180345711
0.439326627759
0.229047793581
0.108126097314
-0.270246474207
-0.33506934163
-1.3313230512
-0.236235154135
0.241524774521
0.734405975364
0.371664129084
0.406105030787
-0.0557962196594
-0.579265504006
-0.639058856749
-0.0571921854654
0.210180217025
0.372933731818
0.375914126785
0.281383085641
0.133216250937
-0.155651331248
0.383118022092
-0.0755118579042
-0.306370857548
-0.165332235216
-0.233925244415
-0.030010197774
-0.110495121059
0.48750335762
0.264614559653
-0.152642715486
-0.291470344835
-0.623940309514
-0.079991734869
0.00771646826195
0.16989259355
-0.196692452525
0.587588083403
-0.120511278853
-0.356655774889
-0.207373991102
-0.649490781121
-0.351922629091
-0.220830801948
0.0444595362136
-0.0603386116905
-0.0499932721692
-0.250041657011
-0.0316546127232
-0.499181351155
-0.0460498067646
-0.0659242592995
0.153117771887
-0.27891474988
-0.202693214361
-0.347970792739
-0.153599007977
-0.281948740157
-0.310767513202
-0.126713402776
0.413224484906
-0.17661149976
-0.0310130013858
-0.265546347396
-0.156077775827
-0.49384420367
-0.647457952949
-0.0907917431456
-0.329004529488
0.66236394737
0.181952651814
-0.0945901750978
-0.245647641399
-0.46050667492
-0.0607854511291
0.492922549395
0.19861288832
0.646706056665
0.756401650121
0.502237830607
0.137586977187
0.251067485754
0.0834525525013
0.235449573456
0.495049549355
0.389970240481
0.39018035983
0.49224704205
0.163444346841
-0.00890272534648
0.425584693724
0.357892567363
0.174995016919
0.715261255224
0.323147405029
0.288144611133
0.845002626459
0.55228128454
0.350078601839
0.0881256494567
0.579576510716
0.374304763773
0.443512682277
0.301967650921
0.32767406799
0.547905386504
0.728600124276
0.501385395381
0.16824090017
0.465325265116
0.0927797179948
0.609385859836
0.214450228347
0.465581763974
0.595799082809
0.59335233756
0.324414187745
-0.308046918855
-0.269962781689
0.0661283383105
0.0474031267836
0.481856074493
0.77730014377
0.840621085597
0.589775006288
-1.26682005081
-0.249034460942
-0.215597757645
0.353270152343
0.405184324849
0.12817188329
0.307061529682
0.184466810231
-1.61273700823
-0.840070381374
-0.367161611836
-0.390756717936
0.00617751765574
0.636427777625
-0.0910755857834
0.07077032357
-0.80272241246
-1.1919640744
-0.20427881669
-0.0695306716021
-0.15379780776
-0.235590626881
0.445171833341
0.380334346111
0.124215883428
-0.117155666626
-0.0451206391724
-0.49686452734
-0.431996113353
-0.460000968533
0.109453927489
-0.0355896928519
0.0327506069459
-0.251702605483
-0.177673893501
-0.235724964356
-0.0308701498767
-0.140465999615
-0.273291167145
-0.0126225891116
0.199838421143
0.0622578013413
-0.393912716566
-0.152184933551
-0.323845432232
-0.382535017324
-0.077313853662
-0.12828169672
0.0837653575005
-0.131239238176
0.10420421916
-0.179548588402
-0.19269115516
-0.125382201046
-0.200875137309
-0.302131748978
0.131112256938
0.0103312458602
-0.268059350281
0.0947622691418
0.00211538423194
-0.406416480988
-0.243422804024
-0.417502579311
0.174506932296
0.0666188215511
0.468021700093
0.159351627372
0.135669099979
-0.19495146859
0.0599995353582
-0.0589078593431
-0.0657798837657
0.137152571129
-0.126105692774
-0.116260608381
-0.102045582279
-0.606398864699
-1.02687407539
-0.516814856058
0.543577411803
0.182728022734
0.114034962701
-0.237984521614
-0.0873163290642
0.230609837127
-0.0984071099716
-0.454041835434
-0.179071532798
0.198850510458
0.165244897819
0.126773619773
0.24666099615
0.114775592131
0.0716659440696
-0.356988074546
0.194676644563
0.212379741793
0.0503176550008
-0.0668066511764
0.143577439003
-0.0927456686352
-0.0177558955565
-0.196973123735
0.227736565732
0.319473452125
0.302517783319
0.23954736361
0.0982043813676
0.0598104409572
0.0826225186658
-0.0849283891383
0.0540824415323
0.0600576518271
-0.129394888405
0.171806167603
0.0186741356043
0.268570991984
0.192776811817
-0.0699134312178
-0.320350500644
-0.164919878296
-0.289077868298
0.363829728509
0.575105079396
0.70521035716
0.163826392468
0.057123430552
-0.421461975193
-0.166618379225
0.159154764594
0.230343574495
0.285722449162
0.475586378136
0.082426189208
-0.187466280673
-0.605359407041
-0.121338193317
0.386225212548
0.188861528748
0.0447611076629
0.0513106518424
-0.0434973992609
-0.45133835844
-0.786876234674
-0.129620665252
0.0635982400962
-0.0463877877063
0.143181227101
-0.100453336988
0.0144860441411
0.140231271883
-0.295913328756
0.393742945869
0.0846551313083
0.437505067623
-0.0355626927222
0.0117258342693
-0.0357281938182
0.256867288988
-0.332795015274
0.053364381311
0.250363936827
0.110658679106
0.100534426904
-0.342331132864
0.292090746043
0.204619237227
0.188308290147
-0.105044207228
-0.160456156304
-0.0220088714517
-0.0351924536604
0.300741398774
0.235974229793
0.456265222945
-0.122796941415
-0.0919739674731
0.0872531893425
0.00236373956198
0.0734012587196
0.244422731096
0.288310249925
-0.0603287960361
0.176680742652
0.0236532044969
0.0227081358945
-0.267867910185
-0.341033869153
-0.137692016838
-0.413047149123
0.117275372405
-0.0960315777032
-0.0674666353019
-0.169978032216
0.0760629787599
0.177400811644
-0.267730628433
-0.480486305559
0.455064824148
-2.5681957436
-1.60182849605
1.4749257086
-1.70127580076
-1.33871831072
-1.44195969545
-2.1454271559
0.924263388915
2.24752726964
-0.333334499582
0.552935768772
1.48661298689
0.503740702717
-0.646304056996
-0.647569949643
0.32845259143
-0.630012267886
1.9156335104
-1.55909000857
0.852341349056
-0.547834263349
-0.926230685185
0.903476681241
-0.927388608305
-1.68956271123
0.604065536852
2.47307884288
1.40295816505
-0.62257889195
-0.749663591376
-1.53476694499
-0.460889456003
-0.925416318239
-0.613483306736
-0.232057816678
-0.068930297329
-0.625862113827
-0.350939959881
1.52264116665
-1.12643334187
0.997582991478
-0.623317522619
-0.0951817101756
2.16012784838
-0.636336452403
-0.459941791646
-1.15133522674
-0.198316368746
-0.343398585691
-0.272508299886
-0.596634289165
-0.418089696539
2.09347046081
-0.841246026685
1.87530848377
-0.780956659324
1.36779979452
-0.671823904259
-1.22141900783
-0.621980533954
3.94139670454
-0.174185648994
-0.691661454301
2.63682966477
-0.834933896279
1.97855681144
-1.2483329802
-1.03787242767
-0.168597273489
-0.937526405416
-0.596214343831
-0.649365038893
-1.26695398529
-0.266722533216
-0.363818599382
-0.262000308162
-0.511102360902
-0.587591610155
1.23516362504
-0.605658635933
-0.72296837285
1.50199782929
1.94556971493
-0.637402510634
-0.948157688894
-0.484244864988
2.92945882593
-0.0999900253867
-0.48047077822
-0.575287571775
-0.794676822512
2.09714889322
-1.13067649698
-0.585143892898
-0.206890469838
-0.56817891955
-0.583217362611
-0.687842292775
-0.835844534451
-0.193658945044
-0.247381467915
-0.339631173913
-0.775365568592
-0.718490794354
-2.49790491327
-1.80442464446
0.246099475209
-0.399909808774
-1.46889329628
0.68933328651
-1.00887266691
0.149219029661
0.861746988028
1.67868230006
0.978276445911
2.37092154183
0.0402193177166
0.141920160154
-2.51194519684
-0.199851040009
-0.726568876517
-0.168702939938
-0.281299581497
1.67656551701
-0.920022005943
2.508983547
-1.1885012617
-1.09132082995
-1.95545792689
0.166812920076
1.54473433488
-0.542529770989
-0.460091284103
-0.581407479041
-1.27267932025
2.42921255478
-1.15788500012
-0.490139563065
3.73049774387
-0.038377120178
-0.440940871174
-0.340979025115
1.40436307922
-0.82809487635
-0.888579057452
-0.683152434196
-0.149963179699
-0.566164384903
1.68177086041
2.17262238897
1.77741444115
-0.232192981101
-0.280991159637
-0.303017044806
-0.902037130227
-0.423592253332
-1.20116457998
-0.659825954587
-0.55848756614
1.17127687177
-1.50156160489
-0.540278430687
0.98384907751
-0.752141033142
2.15523065247
-0.124315368848
-0.46434427143
-0.606532551857
-0.701909721872
3.34946318015
1.22891959542
-0.76419698602
-0.199080074598
-0.488048794878
-1.09001580646
-0.715495387503
1.55431378025
-0.260996236861
-0.369397168543
-0.299377126102
-0.914665331504
-0.784559673791
-1.32533151453
-0.758859678536
2.08764047676
-0.597372372525
-1.42767726539
-0.611047496858
1.1035828018
-0.342267173093
-0.276823901379
-0.0542291767974
-0.540377013227
-0.363238951937
-0.68300040736
-1.06045921215
-1.15938795176
2.75024798373
-0.129267442163
-0.972433484198
1.96418166111
2.02539072851
-0.895274467262
-0.2371712637
-0.210628103217
-0.314175259988
-1.00689139915
-0.55012755462
-1.26591362904
1.28553989599
1.42506216047
1.72707584892
-1.56244058996
2.80885897208
0.59818831375
1.73363383472
2.62062398998
-0.0983042383855
2.71141943682
4.32356370655
0.755372868799
2.35527134234
0.799069829599
-0.868524146923
-0.27215954181
3.45234983358
-0.870131777843
3.87282987947
1.35412305162
2.63414139948
-0.434897228182
2.88178072189
-1.05106694527
2.63304206903
-0.28597079912
-0.204690182622
-0.132745860394
-0.189849015222
1.86963002814
-0.142775890597
-0.264257780932
-0.0637678946084
-0.0554883711772
-0.0110918771119
-0.0645808375611
-0.0487456227829
-0.171263524517
-0.377403776643
2.25305441349
-0.169755749888
-0.018616623461
-0.102066453805
-0.1249422183
-0.111536938503
-0.212970189213
-0.0232768413919
-0.0471415278627
-0.0916826252696
-0.11211758021
-0.110729933242
1.04873477878
-0.820394044929
1.96518940426
-0.918866287697
0.492300858054
-0.474358819772
-1.23671505207
-0.506799099993
-0.383978875505
-0.0770944777254
-0.781193412098
-0.419868047468
-0.854241406052
-1.21961458367
0.966037581079
-0.727519738532
-0.177603888169
1.84532555381
-0.785529967075
-0.673967779848
-0.994789544463
-0.414677885649
-0.314285084379
-0.353631881749
-0.784454555834
-0.639429621924
3.16027584454
2.67948297165
2.2788052886
-0.858606503708
0.261972942054
-0.658043420107
0.633276605907
-0.543557963328
3.83649368006
-0.159473149716
-0.815561677805
3.2017947166
-0.716476523414
-0.990098002828
1.3557540382
1.55629751682
-0.195980316129
-0.68848229176
1.73997216346
-0.689985401554
2.77314116278
-0.249527086616
2.47682642908
-0.437811510786
1.93481288475
2.15615932943
-1.52528112473
-0.66459547841
-0.836238740238
-0.687602128506
0.422830512455
-0.534498236142
-1.49194683635
-0.795553843381
-0.359398671019
-0.0600515733891
-0.726769388735
-0.501331016559
0.679701831772
-1.37021037346
1.30273490741
-0.943771509684
-0.248072439379
1.74851388163
-0.774675294308
-0.760335817151
0.72611548633
-0.439665418984
-0.852808026453
-0.522118833843
0.971430965336
-0.665474794235
1.063498095
-1.2947802886
-1.55293000264
-1.49625581996
0.551522001781
-1.1008453135
-1.98030643944
-1.27292972509
4.08139738276
-0.356092305655
0.576689738269
1.21029087904
-1.6258524651
0.156111538525
1.39085628521
-1.78910692515
-0.469066086784
0.554050852525
-1.40204285169
-1.25916410212
1.21174460185
-0.72099337455
-1.10319816032
-0.916473208004
-1.45832846373
-1.2092425445
-1.99337301847
0.374310855173
1.49098703818
0.607059679703
-0.884330047059
1.38502666093
-0.355881206501
0.459909799731
2.31217211521
-0.21848260331
-1.17758052844
1.87065667309
-1.64634247256
0.393977138767
-0.574102869037
0.38747546722
-0.630755819237
1.84737832413
-1.41975839995
-1.18440177426
-1.8454870768
-0.824029012984
1.33252681964
-0.700755207813
-1.78638698595
-0.908242629876
0.560839024111
-0.631389738179
-0.584054504427
-0.947683039894
-1.68300747405
-0.793695211756
-1.19250912436
-0.597045260912
-0.507561952167
-0.0756236718986
-0.582239766298
-0.454384623989
2.40963195013
-1.51330199606
0.580447619181
0.98747597991
-0.306423761969
-0.915741630106
-1.21894519657
-0.64529225289
-1.02571905827
-0.32244676969
-0.432204928254
2.4135899281
-1.29240075194
-0.680274725897
-0.668061241506
-0.328182870067
-0.376671959871
-0.559074911823
0.830220379624
-0.415715479407
-0.781196863509
-0.25391254324
-0.164305020424
-0.0216264050835
-0.222623852078
-0.259080362921
-0.356872111619
1.83591549613
-0.515209494822
-0.337835168735
-0.126829710106
-0.360873544058
2.29813507273
-0.509807404222
-0.471600707347
-0.143264523921
-0.131121739908
-0.183427893139
-0.565156654181
-0.381373507281
1.8041728989
1.38038149407
-0.898402660443
-1.21514541675
1.52911710506
-0.820996405757
0.523537657747
-0.639505608662
-0.601931323579
-0.162813656305
-0.807979525418
-0.561175638472
-1.26037452797
-1.35469620907
2.0133098
2.1954616412
-0.345898276694
1.40065593269
-1.22619817016
1.58335504473
1.60500777183
-0.318017831604
-0.407018138806
-0.434821427161
-0.979415041719
-0.688762560611
-0.893915209181
-0.523463821305
-0.522910069933
-0.642608418858
2.05974249225
-0.340112046038
-0.812099355525
-0.477462271392
4.23487835663
-0.0772987193143
-0.429333837716
-0.451301800581
-0.551580432413
2.79508197267
-0.865336692654
-0.403744772728
-0.135182431943
-0.459334044438
1.92660100096
-0.402675483403
2.67522998655
-0.163888149138
-0.322886964169
-0.214297672904
-0.494973637418
-0.356943900114
3.20570230562
-0.823544217296
2.99739656229
-0.671296321619
1.6334184707
-0.42681785496
-1.12278044635
2.41534708507
3.38027906999
-0.0663050567721
-0.476938480205
-0.365396277451
-0.573410352695
3.25186269878
-0.862571536529
-0.735405820811
-0.107458443813
2.28477072126
2.62087610215
1.98160941636
-0.760449036735
-0.168292850312
-0.278207036336
-0.322082261975
-0.648170909464
-0.587751890464
-1.89533229215
0.60306339591
-1.37117705658
0.0459186184757
-2.45098021433
1.31141746016
-2.44033022939
-0.94339988496
-0.830605952464
2.60169995191
-0.842344519065
-0.839278556445
-1.33404678103
0.449302149211
0.801577703125
-1.20219658927
3.88663806884
-1.07667391894
-1.6169188663
-1.17052038682
-1.80848512901
1.79224239663
-0.841731647005
-0.610609442813
-1.28294273073
-0.892843365913
-0.846260799844
-0.398363929602
-0.462665309311
-0.655018633767
1.0974804402
-0.242781500554
-0.907352432295
-0.253096755119
3.01359760138
-0.154631033768
-0.315190360803
-0.21814685465
-0.429730906219
1.65078193915
1.66751078586
-0.383794217824
-0.145075731286
-0.326388202002
-0.545436530046
-0.392037436036
1.25812911513
3.92891434425
-0.180302567488
-0.264733859239
-0.385177989256
-0.258590464911
-0.970068213106
-0.498276681753
-0.347844314261
-0.404898306558
-1.18391691085
-0.275331604806
-0.991875619069
-0.214404989411
-0.207811744491
-0.0303346529342
-0.300982822863
-0.254842923905
-0.573996711962
1.46160145293
2.00511861085
-0.279950924903
-0.0832991623152
-0.452695737234
-0.372948181257
-0.343334440953
-0.821540795999
-0.12382616747
-0.249434042355
-0.150436187979
-0.416994961111
-0.279634417839
2.56969316201
-0.192209550274
-0.372059010097
-0.278935653312
2.41944534474
-0.14371613254
-0.522962785521
-0.147361548933
-0.121093521625
-0.00870396012466
-0.233025674557
-0.131819899247
-0.224444800127
-0.398929252076
-0.337365530773
-0.25496550941
-0.0462966765033
-0.189385301177
-0.262620889148
-0.22850404897
-0.27773475455
-0.0753291697081
-0.061973874362
-0.13311367228
-0.341659945688
-0.279618826166
-1.07144273011
-0.447444354149
-0.470946095835
-0.797559854699
-1.31978727927
-0.392846980507
-1.05289208436
2.50695567285
-0.35566641721
-0.03780102545
-0.350296152905
5.11151478589
-0.586374111816
-1.46085707427
-0.873772195881
-0.377689889649
-0.118544757505
-0.316298821463
-0.727448709212
2.67861973165
-0.742475456131
-0.230659494198
-0.197634007161
-0.28031216995
-0.9461694467
-0.764230375803
-0.865134830813
-0.47628185816
-0.373045292849
-0.473199513854
-0.984070402845
-0.228565419379
-0.824448383672
-0.343324287602
5.1426296548
-0.0306458052925
-0.335899251992
-0.319979917506
-0.596789569659
-0.731260072387
-0.733907377355
-0.400774907108
-0.0893088754397
-0.39159233184
-0.463535806944
-0.328773263623
2.65749771674
-0.140453797323
-0.294738302455
-0.215305996896
-0.521618701368
4.09510680243
