-0.0135890921605
-0.0188318604582
-0.0278068838384
-0.0365730481825
-0.0392805865401
-0.0339329726275
-0.0219313975948
-0.0131507185743
-0.0205376437476
-0.0173390070022
-0.0198470215822
-0.0218908655895
-0.0225106693147
-0.0171484181381
-0.0164577109778
-0.0161202340387
-0.033896141255
-0.0206091780538
-0.0194462471604
-0.00944170558587
-0.00364981609053
-0.00533562656138
-0.0122328742258
-0.0143403847658
-0.0481658618914
-0.016481223727
0.00400155732654
0.0197525588357
0.0197044227763
0.00844803036662
-0.00325660358569
-0.0175941048586
-0.0671913651244
0.0218146207802
0.0485179436997
0.0607034989112
0.0522905730766
0.0161282242164
0.00249140920615
-0.0154857016448
-0.0376477245453
0.0794791713738
0.0834839549908
0.0648602682415
0.0616153661541
0.0351482566244
0.0161254823057
-0.0210086734796
0.043035896295
0.0814425373472
0.0286205755059
0.0123550661218
0.0494008946079
0.0621423780902
0.0325818654254
-0.0258487875368
0.111253375696
0.00292134453278
-0.0333808027193
-0.0116474935676
0.0738481575482
0.111794657816
0.0703262035666
-0.024351392047
0.151361171605
-0.0312828131528
-0.0150934156209
0.0416303525552
0.123985546729
0.163546031271
0.101822270069
-0.0196616704687
0.164944480446
0.0105019718105
0.0438008400815
0.0805406483597
0.122534994134
0.162332055082
0.122233225744
0.0164085023389
0.118582664252
0.0262230593616
0.0371418030057
0.0499037008711
0.052423553954
0.0745812950016
0.102421026607
0.0751709544221
0.0637143533884
0.0156354956399
0.00949948185103
0.000434510315277
-0.0174794012701
-0.00669068690136
0.0448204335855
0.0728904628581
0.0105707212727
-0.0211345304563
-0.0152295300592
-0.0322378517704
-0.0447922029833
-0.0339682276005
0.00828640478845
0.0429721885616
0.00192086730779
-0.0170211161273
-0.0280721034861
-0.0443798469737
-0.0487444343221
-0.0417153665356
-0.0156607063214
0.0180965429358
-0.0107544438125
-0.0257550809633
-0.0331374774783
-0.0379282590162
-0.0464223030408
-0.0378589286959
-0.0263335212632
0.000849076627891
-0.0131490275573
-0.0266369471712
-0.0394255843339
-0.04650516818
-0.049993142538
-0.037784661861
-0.0218481379354
-0.00542721436436
0.037256449311
0.0243824830784
0.00129936397042
-0.0196967350295
-0.0269822789708
-0.0295208913113
-0.019795903667
-0.0104865600167
0.0404873787515
0.0214389407397
-0.00350324194537
-0.0127104522214
-0.0220422742867
-0.0252727960172
-0.0218214276058
-0.0158976844893
0.0398473709343
0.0187580302291
-0.0054823742862
-0.0179702319128
-0.0265800526842
-0.0300332203922
-0.0287560495963
-0.0232558940627
0.0338446998405
0.0136303412985
-0.0113658742939
-0.0251946621871
-0.0354518350396
-0.0360817753652
-0.0334115969699
-0.030821081438
0.0147436320635
0.00338275342712
-0.0186627909626
-0.0339082608658
-0.0449994300451
-0.0461229704993
-0.0413195098646
-0.0402234516182
-0.00504339000394
-0.00382487707413
-0.0193760848128
-0.0332278002623
-0.0442406437238
-0.0405628670612
-0.0398414005799
-0.0430880850606
-0.0264224400873
-0.000780502289949
-0.0097158564223
-0.0264001736718
-0.0346226098484
-0.0290595816696
-0.0313869451786
-0.0397644118012
-0.0358853620082
0.0145784767093
0.00424895121893
-0.0190181065473
-0.0273804331652
-0.00939232803019
-0.00883077673263
-0.026256947829
-0.0452160948194
0.0235303976851
0.0222988538744
-0.00518861458102
-0.00487598342531
0.00823421763406
0.0140994482906
0.0023598273871
-0.0454497163233
0.0268858621814
0.0387211795173
0.0169613539548
0.00886548342523
0.0135762639594
0.0188026201751
0.0265539644824
-0.036942848607
0.0283516981442
0.0487613286197
0.015810448896
-0.00754770510799
-0.00107517954901
0.0185021071803
0.046420307878
-0.0234224154626
0.0317157030989
0.0463792914991
0.00638407447279
-0.0168686981829
-0.0119895055171
0.0283105314452
0.0625351707783
-0.00757611896315
0.0374151583205
0.0424925007794
0.00459863747344
-0.0166065331411
-0.00123252576753
0.0422725892716
0.0605044256471
0.00852880696948
0.0400822639644
0.0412791685502
0.00275153755473
-0.00640855962728
0.01969163948
0.0591694969504
0.0473225430999
0.0229871257432
0.0412961165462
0.0428670022384
0.0201546170353
0.0267919743885
0.0503551228324
0.05665716339
0.0186406874442
0.0254422354936
0.052794233526
0.0610360949737
0.0635724449269
0.0570669980426
0.0412745615232
0.0201900707691
-0.00240469799109
-0.00907642641696
-0.0117918133236
-0.0171165067155
-0.0199365460351
-0.014626123207
-0.00626746460455
0.00114597001708
0.000711571432778
-0.0130537746402
-0.0081371727227
-0.0090013543859
-0.00410727982253
0.000703579201148
0.00558213647636
0.00758712266847
0.00430554833781
-0.0192330928778
-0.00634985177498
0.0048604553303
0.0123550770087
0.0200384412525
0.0159882930375
0.00935271925054
0.00734834467602
-0.0197406386635
0.00991601328695
0.0279431509935
0.0246205230814
0.0193382204413
0.00345094542858
-0.00254614922892
-0.000686724934929
-0.0138292089577
0.0414089397638
0.0537954388567
0.0412046113929
0.0158672883048
-0.00208937027928
-0.0128949027869
-0.0148517102637
0.0233470985478
0.0711528218305
0.0397774054459
0.00674105082218
-0.0160673845406
-0.0276634140425
-0.0363416480124
-0.0380768904857
0.0704795803392
0.0418323457731
-0.0124229800355
-0.0408554407331
-0.0497914498542
-0.0466729994608
-0.046184553235
-0.0565483849573
0.105469829839
-0.00536310041371
-0.0481045661088
-0.065595638336
-0.0647737497562
-0.0515778128267
-0.0454589689043
-0.0595728816614
0.120863366194
-0.0385544595486
-0.0588425541121
-0.0674164804182
-0.0646289732501
-0.049103325384
-0.0462959886616
-0.0530731427492
0.128626345938
-0.0264194737709
-0.0475433355041
-0.0558570024606
-0.0520824208507
-0.0390620658276
-0.0339852090679
-0.0335340779534
0.111997362026
0.00754388345764
-0.0191984354406
-0.0266184617737
-0.0193167711334
-0.00690528857197
-0.00442591586309
-0.00806046507485
0.0786960438712
0.0390450886593
0.0134467605318
0.00853073371763
0.0131986396901
0.0208137207083
0.0158850329602
0.00268725821899
0.0351002852884
0.0390129145075
0.0284596970986
0.0140417799838
0.0139757559997
0.0201908908201
0.0121561039188
-0.000137485583773
0.00592425993304
0.0161215613881
0.0233686972909
0.0173029465765
0.00926710875383
0.00985897832694
0.00494488950061
0.00238071068942
-0.0064534796358
0.000674230762847
0.00483039624007
0.00673131459178
-0.00151722037044
0.000599994435037
0.00111071585697
-0.000918287224901
-0.00883194636703
-0.00975527333875
-0.00999235572922
-0.00601796795756
-0.00718293051792
-0.000835409284944
0.00408609610535
0.00200632764772
-0.00758592309877
-0.0128834876313
-0.0247790657709
-0.0252892513809
-0.0108467784894
0.013493474435
0.0108207553024
0.0139505244337
-0.0121310450252
-0.0164139716996
-0.0219100971261
-0.0156979175531
-0.00127766358214
0.0225099886213
0.0141585034003
0.0162153300412
-0.0187675635891
-0.0223971839974
-0.0253599031106
-0.0154433423283
-0.00251935723811
0.0191297219751
0.0174492439698
0.0139068124692
-0.0317664370522
-0.0319567320584
-0.0366979015638
-0.0262817669965
-0.00581858323715
0.0235345611666
0.0227946392744
0.00835158885987
-0.0487160598908
-0.0457205652524
-0.0496502746786
-0.0376146799712
-0.0149060653896
0.0182257985265
0.0215533878976
0.00123546789241
-0.066008485368
-0.0541669632762
-0.0492107539056
-0.035017092104
-0.0113325499719
0.023210821136
0.0281767821856
-0.00242422626557
-0.0810965006914
-0.058091458421
-0.0417141526469
-0.0273210788749
-0.00568396818822
0.0261036818734
0.030309946828
-0.00295007500577
-0.0862311848987
-0.0429772314471
-0.0242564119795
-0.0165020466579
0.00303329309002
0.042335122306
0.0359968570162
-0.00395491975768
-0.0750187151935
-0.0145211474223
0.00367843831611
0.00025340684329
0.0178174680042
0.0568586071818
0.0366036417865
-0.00919007935381
-0.0408202441861
0.014340492423
0.0157607647649
0.00358284676246
0.0248825252823
0.0600389564663
0.040007459129
-0.0136945667237
-0.00128956579515
0.0147671527931
0.00630319846656
0.0012928940266
0.0343402004386
0.0665654179114
0.0422121374099
-0.0189555323695
0.0423442818877
0.027593489029
0.00662654014183
-0.0031775203282
0.0224267330713
0.0625144135837
0.0416003860024
-0.0105270193588
0.0669717100394
0.0307087617493
0.00128917931417
-0.00181911098521
0.0164835548339
0.051936093048
0.04668625137
0.010366849554
0.0736749819377
0.0419120199722
0.00788694459988
0.00414380833644
0.0208815012726
0.0459789754752
0.0465956554378
0.0231436714401
0.0561576276379
0.0594945762634
0.0256328624475
0.0186571479332
0.0201862881081
0.0296116810803
0.0399451687025
0.0268532726306
0.0259494820195
0.0567132140677
0.056676771918
0.045970962991
0.0257751864228
0.0182188735817
0.021282796968
0.0213714693854
-0.0162640600772
-0.0218917494066
-0.0299037974656
-0.0325035601198
-0.0302950826549
-0.0210405223082
-0.00967909434912
-0.00546093544311
-0.0263106217364
-0.0187372186557
-0.0129857344869
-0.00367255165533
-0.00447496473155
-0.011481587037
-0.0120792434157
-0.00117288544016
-0.036125142339
-0.00251613700898
0.0140172248275
0.0192544297881
0.0182480485521
0.0176258554883
0.0122635700409
0.0189793292912
-0.0386657839091
0.0252611974284
0.0477244261863
0.043463386072
0.0425787384847
0.0355910413063
0.0244360009214
0.0472698524701
-0.0233349765052
0.0810219310276
0.0899142017475
0.0783581248834
0.0607528286282
0.0412653438872
0.0317084822718
0.0667579845436
0.050515278121
0.11399714749
0.0800668698486
0.0431858694965
0.0333196644328
0.0335231301317
0.0332999800414
0.0482097444102
0.112904364383
0.111552504021
0.0663418027826
0.0570556630305
0.0840860655294
0.086396915407
0.0588282565454
-0.00524186651103
0.167772304291
0.124676151928
0.116584920615
0.101399271755
0.0951268272314
0.0622961093288
0.00127293249436
-0.0892094757225
0.183991745349
0.101412800067
0.0828756707448
0.0313200130777
-0.00595822790483
-0.0321028720428
-0.0787413974654
-0.121881867929
0.157131218748
0.0533267877229
0.00422193032362
-0.0518620030544
-0.0700023858386
-0.0716927377627
-0.0906311060416
-0.0982873723104
0.112946184013
0.0800415059917
0.0406549861796
-0.00535528544674
-0.0200433059134
-0.0174808436334
-0.0270730085151
-0.0311992828455
0.0341075152301
0.0588425565989
0.0654307987701
0.0531628287273
0.0484181217308
0.0491201827424
0.0300308798732
0.00200779520202
-0.011011066591
0.0350246395726
0.0447063944973
0.0445125323503
0.0406547584577
0.0452390949917
0.027635382381
0.00144701059656
-0.0358834743776
0.000201199248838
0.0106437942111
0.0217755940095
0.0254562818836
0.026470890117
0.0153670777049
-0.0019299831245
-0.0322259220709
-0.0200271000027
-0.00622180731485
-0.00401987480481
-0.0106480569326
-0.000971257619939
-0.00151424743734
-0.00317221239321
-0.0216296943535
-0.030915838009
-0.0307402105125
-0.0211768573094
-0.0203866572159
-0.00885900861451
-0.00025395939105
0.00243383409119
-0.00483300648005
-0.00397327843353
-0.00240967492914
0.00993109431318
0.0294726328932
0.0389521918495
0.0361894957618
0.017740876031
-0.00423242331173
-0.00116523929145
0.00468572330521
0.0122921578271
0.0161229415654
0.0205925221704
0.0316207660648
0.0310062644172
-0.0073068821401
-0.0043024725351
0.00385607144897
0.014206241871
0.0101400598222
0.00735501796481
0.0167537897363
0.0250531565077
-0.0122278235752
-0.00832385682388
0.00396309349536
0.0101183264896
-0.00195376690987
-0.00830715080883
-0.00347121882002
0.0103009652985
-0.0239516123591
-0.0158414447117
-0.000520057916599
-0.0026997424543
-0.0190503238888
-0.0292142159566
-0.0228945917661
-0.0086754617173
-0.0341754371954
-0.0180291751223
-0.0023572684951
-0.00513351751655
-0.0240650361925
-0.035569227431
-0.0292866352823
-0.021768341019
-0.046176934456
-0.0216452650321
0.00133520851221
-0.0026415550822
-0.0261916521063
-0.0336320020619
-0.0294993175912
-0.0285208095032
-0.0446229462428
-0.00941914755313
0.0121030000178
0.00594269361828
-0.0176228655287
-0.0165484952563
-0.0199273541486
-0.0257009329184
-0.030151387279
0.00825162168894
0.0206728062998
0.0147062218917
-0.00432387339419
-0.00425251912457
-0.0126575833813
-0.0271035356257
-0.0306972495782
0.0034335467624
0.0180174628399
0.0199007298443
0.00226425919941
-0.00774079871897
-0.0261026214656
-0.0374578378445
-0.0320441568368
-0.00891454293956
0.0112363942419
0.0104969156222
-0.00164914681206
-0.0157334352876
-0.0292917134772
-0.0397167868084
-0.0306391061673
-0.0183596542124
-0.000210044345723
0.00473307725891
-0.00934610146319
-0.0242268146376
-0.0307857581762
-0.0354053953249
-0.0269457744225
-0.019860419557
-0.00660578688509
0.0077724983202
-0.00180209060478
-0.0188934494756
-0.0269908573657
-0.0259903531301
-0.0170050766302
-0.0152129523636
-0.00622642636674
0.00999035529995
-0.000971578458554
-0.0140885407775
-0.0194441081694
-0.0177048894844
-0.0100961500258
-0.00960476276467
-0.00479023889051
0.00625935048677
-0.00136920007628
-0.00907103739021
-0.0136612949028
-0.0106320345309
-0.00716192501232
-0.00878484400115
-0.00572141349322
-0.00351889459018
-0.00620384243054
-0.0124497316792
-0.00925493068531
-0.00581656566587
-0.00433194728761
0.0130657307713
0.0484731233094
0.0746006672996
0.0828891967517
0.0686987312829
0.0473405578233
0.0134490660786
0.0101593723407
0.0442734811813
0.0664646911613
0.0506297874796
0.0521602312687
0.0568234852872
0.0538709401398
0.0259132885939
0.021410462295
0.0589115753441
0.0641545177937
0.0423329036329
0.0581573630458
0.0708943155466
0.0531996497608
0.022459785988
0.0285420688207
0.0503483101685
0.0491630941651
0.0486396295245
0.0653886644094
0.0811689422895
0.0536156499179
0.0160799350628
0.00911583197565
0.0258417297979
0.0383809626075
0.0442164654878
0.0661125873382
0.0863705663199
0.0551626264349
0.0122374812111
-0.0271336371638
-0.00213969718463
0.00896352667009
0.0217781118701
0.0460571704273
0.0741027992535
0.0715033376331
0.0162182719448
-0.0617312009715
-0.0254754641378
-0.010834896595
-0.00223579003564
0.00942196192777
0.0472547660372
0.0711218517683
0.0256083478827
-0.0922441637425
-0.0538605798135
-0.0342435141887
-0.0319717812652
-0.0266214021223
0.0203511171843
0.0686039132757
0.0368468354108
-0.0966188619791
-0.0580835874158
-0.0371062416023
-0.0447667599057
-0.0332299281306
0.0151272845243
0.0609019770121
0.0461919314226
-0.0869286095727
-0.0532799646999
-0.0371817881391
-0.0389526936297
-0.0290211872304
0.0134105183001
0.0514236451588
0.0489204267556
-0.0642549996466
-0.0478654464647
-0.0408773522376
-0.0426902839179
-0.0302837927289
0.0056856778283
0.0369429597354
0.0477557898948
-0.0352643329295
-0.03205403378
-0.0388714823798
-0.0375062426306
-0.0258001386019
0.00850852475471
0.0365057558137
0.0533811020987
-0.00262275412035
-0.00456796993148
-0.0168366333717
-0.0146052166034
-0.00771667483498
0.0185280006149
0.0447763445008
0.0582975046678
0.0176805514033
0.0185640924779
0.00178030247128
0.00528266114258
0.0165040691296
0.0326825321102
0.0607360551891
0.052497825218
0.0193772316098
0.0408035394584
0.0313736401127
0.0308435077855
0.032603635234
0.0395870271598
0.0571668854843
0.0315059561951
0.0194146354415
0.055326510359
0.079086444625
0.0890329305674
0.0762907643751
0.0592084694404
0.0431763456536
0.0119941093628
0.0232627823381
0.0116529658515
-0.00776148542413
-0.0170704818512
-0.0219004519283
-0.0184770110322
-0.0121108739676
-0.00526356072454
0.0315546450359
0.0073008701213
-0.00873192486585
-0.0145465273445
-0.0201733180319
-0.0167991542305
-0.0156726821877
-0.0102919091483
0.0370886383587
0.00434544271221
-0.0141955693139
-0.0184746310791
-0.0257283021035
-0.0224929736436
-0.0204224468645
-0.0158688189829
0.033041378178
-0.00265571814714
-0.0189933956377
-0.0270330531856
-0.0315804024088
-0.0275007462319
-0.0267942048443
-0.022978124199
0.0195527119025
-0.00849663049641
-0.0283897732919
-0.0383399659231
-0.0404304593664
-0.0378451677992
-0.0336307328666
-0.0313589435693
0.000447336452729
-0.0124214385248
-0.0288163710373
-0.0352459648899
-0.0385330932526
-0.036132572064
-0.0329918944814
-0.033906758501
-0.0155900720269
-0.0134919722949
-0.0232425425996
-0.030514785369
-0.0363769001034
-0.0320917423921
-0.0298452174689
-0.0340668987324
-0.0229405002583
-0.00533356180664
-0.0135147577604
-0.0242428945564
-0.0250673505881
-0.0159367576564
-0.0170376953838
-0.0296550353264
-0.0291784909445
-0.000399413136252
0.00200543312564
-0.00835125097607
-0.00796671279231
0.00144605203032
-0.00206734002401
-0.0230630536715
-0.0298144598761
0.00173088814095
0.0186939582004
0.00574561437522
0.00232401644385
0.0101921589488
0.00481115272993
-0.0164310244371
-0.0241424684296
0.00830127797198
0.0240777052278
0.00412536423165
-0.00157644829361
0.00631258091539
0.0105529913192
-0.00830584798774
-0.0130565482953
0.0208502963976
0.0228918191195
-0.00215166446415
-0.0147959332016
-0.00479156941604
0.0148377116214
0.00740627425377
0.000711010351453
0.0274189422962
0.0164984603606
-0.00706870191198
-0.0215439274284
-0.00770348245119
0.0195483753898
0.0223755695197
0.00913840045611
0.0271441237627
0.0109572475566
-0.0134219483099
-0.0249070990302
-0.00800390803022
0.0216591703904
0.0310024788681
0.00926673289722
0.0193838927085
0.00446446958149
-0.0157766286907
-0.0248252729726
-0.00607849074263
0.0203508580657
0.0304330253607
0.00729175836906
0.00747690865326
-0.00864540252828
-0.0247567616251
-0.0280008188107
-0.00773299930064
0.0183287005155
0.0285833971195
0.011030379606
0.0525695165238
0.146158569917
0.185689425823
0.172101773428
0.0856728106367
0.018268501989
0.000776488052927
-0.00214816788463
3.39133729041e-05
0.0367490273349
0.0534601149731
0.0716320098761
0.0202269992223
-0.0111059663775
-0.0150425767098
-0.0182142006692
-0.025938807405
-0.0143574165191
-0.00713744472686
0.0168162846159
-0.0138096290026
-0.0282683839501
-0.0247706738968
-0.0302103590833
-0.0380124639729
-0.0333656841725
-0.0327954160284
-0.0132447553886
-0.0326969117781
-0.0389146594535
-0.032503575581
-0.0458813082811
-0.051047721974
-0.044255348262
-0.03523468899
-0.0202885077364
-0.0400760848765
-0.0414409541371
-0.037987203981
-0.0607988969234
-0.0593999393792
-0.0370520424954
-0.016404279154
0.000606928004322
-0.033338901803
-0.0442576689482
-0.042273293604
-0.0681233897993
-0.0561431787525
-0.0245259130903
0.0109559731496
0.0348449843317
-0.0233804325102
-0.0461622639244
-0.0435221696844
-0.0716277205348
-0.0487633469755
-0.0132526051037
0.0402948388476
0.0794264731961
-0.0133242900119
-0.0453255912412
-0.0416250925646
-0.0736488470784
-0.0476954343984
-0.00239690257697
0.0733527258757
0.109056984791
-0.00370184568912
-0.0414557331929
-0.0411965109461
-0.0698754642798
-0.0445782073846
0.0100679587272
0.104337654074
0.137963642367
0.0127096186771
-0.0414182493892
-0.0465956461058
-0.0592304472945
-0.0378327477712
0.0163548778941
0.123584603776
0.151392693747
0.0205073749753
-0.0434492809821
-0.0512536244714
-0.0462342043459
-0.0311113609821
0.0217739011629
0.123480336166
0.140829360012
0.0343404084961
-0.0356184093908
-0.0448639786397
-0.0334719467049
-0.0196089183465
0.0373073923507
0.119757480514
0.139597035616
0.0501065715992
-0.0179086223944
-0.0316202326112
-0.022495295763
-0.006483713947
0.0493290665482
0.110735583291
0.13873779092
0.0646323580511
-0.00624899674306
-0.01814008417
-0.0115356011085
0.00183013114335
0.0545195548715
0.104939234261
0.138541711207
0.0834201840841
0.0187798690349
-0.00429248377756
-0.00158247341569
0.00555196061683
0.0517256682383
0.091546154357
0.147227138442
0.114955514588
0.0409704906302
0.0100940759824
-0.00324129896876
-0.00429067703714
-0.008506399151
-0.0125324451822
-0.0154732955014
-0.0117549052806
-0.0077741526444
-0.00434406235361
-0.00641997665793
-0.00873346041338
-0.0133804000777
-0.0160653980721
-0.0157615356815
-0.0123004137651
-0.0100551287456
-0.00859900083031
-0.011290856865
-0.0136080015001
-0.0171344445388
-0.0196045640388
-0.0192272212341
-0.0174658366962
-0.0149944103329
-0.0132423202062
-0.0166416279777
-0.0178668695639
-0.0218870028771
-0.0236168175207
-0.0226390228624
-0.0175724623587
-0.0171218555996
-0.0175852807826
-0.0261674122646
-0.0253586574268
-0.0293424026063
-0.0297552201938
-0.026635202374
-0.0214888175265
-0.0219206567572
-0.0232055389118
-0.0363575893144
-0.0322395462892
-0.0315758700918
-0.0298300145774
-0.0260502665855
-0.0211549453196
-0.022227496596
-0.0234281335804
-0.0463670947742
-0.0361942483063
-0.0316450328069
-0.0306765906012
-0.0268763770149
-0.0198925296465
-0.0213347853286
-0.0238385512643
-0.0505545614061
-0.033567136989
-0.0306064102997
-0.0348602873135
-0.0295453546004
-0.0165913491638
-0.0182984508818
-0.0236277951756
-0.0511670220171
-0.0325059433414
-0.0306963962348
-0.0367736846417
-0.0296711128732
-0.0137207190519
-0.0160369259547
-0.0250507209811
-0.0487647813037
-0.0322774000728
-0.0304283686603
-0.0339077157796
-0.0285765918736
-0.012486580694
-0.0162600792507
-0.0269315966131
-0.0412164713997
-0.0321904759721
-0.0308049024457
-0.0333174705326
-0.0288714231083
-0.0141518261897
-0.0180742986269
-0.0271445921086
-0.0311460018862
-0.0280492411383
-0.029352760366
-0.0325269319739
-0.0291711735467
-0.0140835012742
-0.0137249663418
-0.0206617925172
-0.02125455505
-0.0203976955667
-0.0227483543517
-0.0276041142869
-0.024697798894
-0.0119896422507
-0.00888924997518
-0.0128813508006
-0.0127623730263
-0.0121308213794
-0.015540637355
-0.0213269175082
-0.0217195583415
-0.0107163773111
-0.00461363269546
-0.0067076114639
-0.00781988479535
-0.006463091584
-0.00653541689384
-0.0104114017732
-0.0124537151608
-0.00543519778043
0.000407973399141
-0.00258603176718
-0.00491214767693
-0.00521826045703
-0.00243365841846
-0.000321764744312
-0.00165109250203
-0.000287656512038
0.000628773321216
-0.00298834702082
0.0191469589551
0.0083279033077
-0.00754485685349
-0.0202547667933
-0.0259420703568
-0.0234771404507
-0.0154244177333
-0.00915007555577
0.0258497726853
0.00919388852383
-0.00836552486435
-0.0160920295093
-0.0213701830604
-0.0212228724733
-0.0157835798847
-0.0108700036484
0.0342445508081
0.00864832247569
-0.0123166044506
-0.0214388245373
-0.0269801444523
-0.023556342054
-0.0177951690849
-0.0168093332201
0.0322105072841
0.00358905420754
-0.0191847303743
-0.0285204907737
-0.0286808982752
-0.0204279910115
-0.0224202064864
-0.0253507257068
0.021711226616
-0.00577472437034
-0.0301490161757
-0.034743360302
-0.0284416001679
-0.0244271567928
-0.0284705572525
-0.0324983410156
0.00428417366736
-0.0101850915777
-0.0249336928273
-0.0258609444667
-0.0226657918366
-0.0178011376649
-0.0208696338459
-0.0290009560036
-0.0118850460537
-0.00451557022177
-0.0102606165985
-0.0104104620973
-0.0125541817569
-0.00951563528818
-0.0198087434211
-0.0301930787375
-0.0224141265347
0.00655384360344
0.00492091099982
-0.0108280825971
-0.0150347758199
-0.0116704937905
-0.0182486142564
-0.0306902123
-0.023611443746
0.0225076455045
0.0215305596684
-0.0021952903474
-0.0120949093792
-0.0119626337558
-0.0234850201817
-0.0382616143401
-0.0164298872836
0.0259328997418
0.0226266832646
0.00505904675471
-0.00900604760845
-0.0139739036059
-0.0289880926351
-0.0423487775038
-0.00469172946729
0.0232715016441
0.021952097989
0.00915958435656
0.000146289003425
-0.00825043878032
-0.0287054405394
-0.0417574517571
0.00362509290943
0.0225409125335
0.0186692578027
0.00660968867358
0.00170086248687
0.00103974382736
-0.0137748334919
-0.0288601864878
0.0153138895431
0.0196210077
0.00915303435334
-0.000499109202746
0.0025246283133
0.0103050233128
0.0065479241203
-0.00218809344134
0.019467076416
0.0183701783416
0.000348334427119
-0.010067904334
-0.00293024026637
0.0125871605866
0.0151667914122
0.0138771969076
0.0199515199903
0.0107760905236
-0.00513187215994
-0.0134832712427
-0.0129957942273
0.00298665672318
0.014866168091
0.0179376016602
0.0130699271441
0.00759404873565
-0.0128687937374
-0.0219853648541
-0.0256929209898
-0.0115927537217
0.00637271904273
0.0163935903372
0.000397115827082
0.00747137945141
0.0530851894547
0.0795139522503
0.0544900048293
0.0170771986885
-0.00834352668047
-0.00636733903448
-0.00654470069518
-0.00199513531587
0.0428932211141
0.0860092077626
0.065225280348
0.0155164833546
-0.0144720863007
-0.0129015833887
-0.013251247012
-0.0114843613869
0.0322345934137
0.0868349702051
0.0703378977588
0.00202588011471
-0.0229795447988
-0.0222705240117
-0.021479274292
-0.0220773071892
0.0174419766821
0.0880902120358
0.0745823933578
-0.0123948863724
-0.0315940134095
-0.030895718136
-0.034015720751
-0.0342981536322
-0.00418186363631
0.0806558472791
0.0701214636751
-0.0273560355619
-0.0392439950882
-0.0408378344863
-0.0474925297054
-0.0456066004827
-0.0181412968609
0.0903327563991
0.08064505582
-0.0376883576491
-0.0439474526579
-0.0436090903634
-0.063287222189
-0.0522239088828
-0.0219037462026
0.0969303589715
0.0816411209627
-0.0487264728977
-0.0478669740884
-0.0440872884529
-0.0671804162511
-0.0454875625595
-0.024278907825
0.102747012359
0.0721536414537
-0.0520796162449
-0.0456916461683
-0.0422119235891
-0.0665783361677
-0.0453883427519
-0.0276480433668
0.113903638499
0.0661898544037
-0.0479768713261
-0.0455420383203
-0.045024707886
-0.0598989710981
-0.0474744849529
-0.0266358742675
0.118105395132
0.0712446067479
-0.03906500702
-0.0472391032955
-0.0480728843892
-0.0499237255075
-0.0484781344567
-0.023313575449
0.113045554301
0.0727621083839
-0.0322842542484
-0.0485366862161
-0.0513117502399
-0.0336916110667
-0.0371155443214
-0.00867950917975
0.100998779329
0.0738704584502
-0.0228713681856
-0.0415673806832
-0.0415983304418
-0.0214807192564
-0.0237381010291
0.00807896501362
0.088353885128
0.0858238019932
-0.00975147386336
-0.0327697550449
-0.0317293381766
-0.0114339136375
-0.0163529919849
0.0162010695237
0.0732166669419
0.0891868980893
0.00420789360118
-0.0234356553937
-0.019833090183
-0.00377745185798
-0.00761181411327
0.0280156333398
0.0654962121988
0.101162681424
0.0260059104476
-0.0093754224656
-0.00865236110818
-0.00158282477529
0.000826728879258
0.0290201940451
0.0567622441539
0.114269768381
0.0657370173928
0.0118973012488
-0.00048314042315
-0.00741316200195
-0.0124395921408
-0.0216015072004
-0.0291478305079
-0.0309150958518
-0.0250075846187
-0.0176311354206
-0.0103835328662
-0.0124079391043
-0.0155087671414
-0.0216834947918
-0.0258834946066
-0.0274944489039
-0.0248555945048
-0.0214080691415
-0.015997399119
-0.0197346224158
-0.0201389809687
-0.0273994901655
-0.0328592381877
-0.0345671745083
-0.0320627166615
-0.0270744828396
-0.0218486011683
-0.0253667700847
-0.0271808855074
-0.0335634838079
-0.0404127110237
-0.0427760349818
-0.0362355522346
-0.0264991344932
-0.0254569380377
-0.0207306207392
-0.0262693682684
-0.0259398399774
-0.0418281460363
-0.0433247919658
-0.0275006448431
-0.0118568801152
-0.01790703812
0.00541985655008
0.000921904487211
0.0223595921305
0.00702361550984
-0.00347799329543
0.018082184001
0.0397541084318
0.0141782602051
0.0573396512921
0.0511648523131
0.0761296409887
0.0621396724613
0.0519382151354
0.0732169327481
0.0714253269461
0.0566316973041
0.0595729966322
0.0624534192717
0.038652706251
0.0646177722958
0.0766847280679
0.05210744603
0.0419337982053
0.0890439123974
0.0642326881389
0.0516032388805
-0.00559975645
0.0564602478684
0.0731953253758
0.00697351606787
0.00472485542385
0.103365548321
0.0554506519734
0.00733279481792
-0.0371622730956
0.0249600317808
0.0337695868365
-0.0282954602394
-0.0278200909566
0.0886388560782
0.0184811375979
-0.0384759860083
-0.0558777596018
-0.0223799180084
-0.0215102535804
-0.0438087584587
-0.0440833578901
0.0276389678105
-0.0168258629516
-0.0548914261089
-0.0565736029631
-0.0494823530706
-0.047368524243
-0.0446850535442
-0.0445868396987
-0.0200312644776
-0.0301677915598
-0.0444726176134
-0.0465590955892
-0.0464081964723
-0.0448490891862
-0.0359061140483
-0.0349101221042
-0.0308237859274
-0.0258129307341
-0.0328150576783
-0.036512688346
-0.0376976455573
-0.0379119187249
-0.0301467258865
-0.0259524878056
-0.0215082261377
-0.0172210178764
-0.0227866693157
-0.0267312381108
-0.0286362423408
-0.0306116476147
-0.0248388822643
-0.0188558550579
-0.0133116677965
-0.0102313670267
-0.0176828890799
-0.0243890122467
-0.0280841954935
-0.0311646862492
-0.0238418477391
-0.0144023210648
-0.00787717390166
-0.009101913263
-0.0158413764601
-0.0260462533863
-0.0320011620339
-0.0340613689443
-0.0289943304164
-0.0232369463086
-0.0142705115506
-0.00767763680472
-0.0152925291692
-0.0257978763923
-0.0223461368046
-0.0148434557693
-0.016332862711
-0.0166542339529
-0.0136959977799
0.00539080594453
-0.0158572592868
-0.0154887573326
-0.00872183543755
0.00117799584343
0.003029483938
-0.00644604807863
-0.0107383717354
0.0287874070449
-0.00751281497574
0.00157415401465
0.0148642304795
0.0175957925755
0.0263734553002
0.0145321583623
0.00994205268386
0.0805107521218
-0.0013295129613
0.0229304854251
0.0393537184004
0.0590131706665
0.0653886788557
0.0445120139652
0.0298648976069
0.121572642531
0.0186885954045
0.0566717542773
0.0614023937036
0.0670327456489
0.0696016010431
0.0577377986784
0.058748254701
0.130004103076
0.0610936934273
0.0863784733568
0.0555338054884
0.00213418946845
0.0190318366433
0.0757023431897
0.100819280802
0.119672677174
0.122926557081
0.101593567604
0.0110294592542
-0.0727948684441
-0.0236209448288
0.0926026079085
0.140705387823
0.113056609406
0.170729221288
0.0885047627887
-0.0284679275033
-0.0857370341296
-0.0336298743644
0.0971207011275
0.165158411456
0.105423226372
0.153170023455
0.039534849007
-0.0479630589765
-0.076989324839
-0.0318627009748
0.0656548958784
0.18133382054
0.0915083151462
0.0790651895866
-0.022988937803
-0.0717664310946
-0.074822542569
-0.0473061308819
0.0151035618901
0.186260126642
0.0817890648789
0.00749108688899
-0.0704957988419
-0.100726182701
-0.0934502478638
-0.0687562875944
-0.0198912102677
0.150580653366
0.0467711760591
-0.0317965443886
-0.0764558184902
-0.0870635241177
-0.0790566082759
-0.0648827789353
-0.0261798307164
0.0870837438673
0.0152494825814
-0.0430362850711
-0.0672607887427
-0.072902280436
-0.0658775008556
-0.0533733619973
-0.028343439576
0.0394969963576
-0.005434302928
-0.0370200417215
-0.0502024108178
-0.0521533568025
-0.0522226453331
-0.0431088159852
-0.0239596792928
0.00886714938651
-0.010587398482
-0.0312645540539
-0.0449288350329
-0.0502992581766
-0.0503724204199
-0.0374091304389
-0.0194685174308
-0.00398475004399
-0.00723363279288
-0.00580856232553
-0.0119604600087
-0.0130338667895
-0.0146930275649
-0.0177169428686
-0.0151560067833
-0.0140943761622
-0.0129895780169
-0.00477756110824
0.00686252234755
0.0108294780054
0.00611538200077
-0.00151409347372
-0.0139314406093
-0.0240172216449
-0.0140218756152
0.0123672026553
0.0292372956534
0.0370663571533
0.0290236381137
0.026005989635
0.000907702858156
-0.0277835722392
-0.0117962198922
0.0359594522795
0.046014275954
0.0425644574554
0.0417229593394
0.0450862522979
0.0356264852101
-0.00910297970648
-0.00456419654506
0.0568964550136
0.0629121031147
0.0517841877862
0.048421623852
0.0601324904722
0.0723379394168
0.0503756883021
0.0114837273243
0.0599385401797
0.0407109200413
0.0172806109006
0.00192505641496
0.0252089966961
0.0652752200323
0.131812417614
0.0496427669642
0.0440092675064
-0.0153213470112
-0.0544174327547
-0.0720830369825
-0.0489023849026
0.0149895771613
0.199460068246
0.0968125651317
-0.0105631355436
-0.0664647422099
-0.0944518337709
-0.0968603452686
-0.075989202311
-0.0368867345681
0.231783945737
0.120775291581
-0.0537715064218
-0.077672772524
-0.0980698111559
-0.0943096057194
-0.0728912232591
-0.0230122659415
0.228744277124
0.128654494896
-0.0572692066034
-0.0732376753734
-0.0806709249978
-0.0750002008866
-0.0309298828685
0.0446163095012
0.177480740042
0.127380808228
-0.0165160875464
-0.0329874200144
-0.0347399301919
-0.0152631269857
0.0455785575479
0.0929340982985
0.0876308157509
0.0996736957909
0.0244000982211
0.0178540910874
0.0224623048275
0.0461795028973
0.0844005494526
0.0762050379537
0.000632254778807
0.0589468371332
0.0375439167774
0.0324892434675
0.0355529025253
0.0498879598906
0.0579302056501
0.0343119759364
-0.032786078328
0.0210030416519
0.0313779866758
0.0307136621221
0.0308441409394
0.0261004340125
0.0259563154516
0.00179285453797
-0.0371393718103
0.00152007426741
0.0108362725771
0.00408610349082
0.00304399319934
0.00519698016641
0.00601618643714
-0.0150808426194
-0.0222687374786
-0.00585580097256
0.00273247802178
0.00150583832452
-0.00135523062904
-0.0105434187545
-0.0175199932585
-0.0178498224108
-0.0139583215278
0.00718978894013
0.0366970423385
0.0594023841779
0.0760622342532
0.0860170631235
0.0844852287844
0.0450602642713
0.00475717126762
0.0233214747044
0.0467473238696
0.051757543945
0.031275489852
0.0187910912094
0.0502609337611
0.0681002069879
0.0277805144537
0.0293486048998
0.0433771885293
0.041579769537
0.0116345621842
-0.006106059621
0.0158519107162
0.0670851960841
0.0441807055859
0.0203142751713
0.0453324418581
0.036611601942
-0.00357580532517
-0.0228025974519
-0.00781168307534
0.0503734175773
0.0535887633248
-5.72252846176e-05
0.0313407255359
0.0233999188496
-0.020542089813
-0.0331549705378
-0.00475039285547
0.0342282632379
0.0435479840523
-0.0215408117607
0.0288221188421
0.027561338998
-0.00524409961351
-0.0107395701306
0.0135532941045
0.028763739219
0.024929144913
-0.0381769096124
0.0262874187029
0.040598620182
0.0147575271319
0.00626210939697
0.0226954033929
0.0148192928355
-0.00191076064424
-0.0449858390263
0.0352693303598
0.0508227422791
0.0109410864424
0.00268878634731
0.00817123400557
-0.00600234677339
-0.026842103453
-0.049071492444
0.0337652705884
0.0413592831285
-0.00109557745477
-0.0188329681372
-0.0207069416225
-0.0323171687782
-0.0457000609531
-0.0480909514763
0.030772590675
0.0322688117783
-0.0118666890814
-0.0306927591745
-0.0319708551525
-0.0441697530345
-0.0552754111
-0.0402837475731
0.0208776954648
0.0244355218211
-0.0194130132272
-0.0357879842528
-0.039386142712
-0.0504607596136
-0.058947333285
-0.0223821695869
0.0185762789718
0.0213260825639
-0.0225544194461
-0.0370374755467
-0.0404687944698
-0.0469852938144
-0.0513760327777
-0.00626816063728
0.0206905136681
0.0232805197988
-0.0129751121398
-0.0295687410035
-0.034424568706
-0.0378357848041
-0.0375979448219
0.00396259336614
0.0220861293343
0.0310280661047
-0.00398386567525
-0.0266835293469
-0.0317925203997
-0.0302240160621
-0.0251599161495
0.0127973747769
0.0207606734068
0.0319155012348
0.00169318857183
-0.0208464834521
-0.023723375638
-0.0238188598817
-0.0147258506954
0.0129074516444
0.0153760608552
0.0231511897359
-0.00562767929281
-0.0253108704533
-0.025377175857
-0.0196870878887
-0.00889136443218
-0.00239761784204
0.000219291125866
0.00567793073688
0.00387944410714
0.00109613352116
-0.000437183591449
-0.00127711203771
-0.00385193602476
0.000682743588365
0.00866355230931
0.00861964444478
0.000337125182932
0.000604659103979
-5.670111503e-06
-0.000289713016515
-0.00647452528654
0.00376151316704
0.0105346757296
0.000827675663071
-0.00431804212618
-0.00237154455048
-0.00291135634114
-0.00551020273294
-0.0122384143548
0.00260088728585
0.00492731437114
-0.00480940836473
-0.00768580947568
-0.00415604911333
-0.00594888984043
-0.0123087733856
-0.0175930715134
-0.00776464795887
-0.00649802114202
-0.0154838394224
-0.0147660069584
-0.00921870185757
-0.0150729900096
-0.0202309260395
-0.0228481506085
-0.0219703738906
-0.015083427453
-0.0183241745088
-0.0120624080538
-0.00950370108018
-0.0183421459091
-0.0216181520732
-0.0229081443296
-0.0403080174009
-0.026457103385
-0.0202407408448
-0.0140922114394
-0.0126723265266
-0.0198839482457
-0.0224122644473
-0.0225179672918
-0.0512111057548
-0.0291545578516
-0.0223277459575
-0.0207518218258
-0.0173096773077
-0.0172589852136
-0.0170699755401
-0.019640850357
-0.0544470875846
-0.0316998479559
-0.0267622800833
-0.0241895365478
-0.0214700720818
-0.0118728932735
-0.011314939412
-0.0208286409373
-0.0519657055492
-0.0336277737149
-0.0266185434917
-0.0214486646585
-0.0186417808932
-0.0104592425326
-0.0117388342191
-0.025635877191
-0.0454134732932
-0.0348754262419
-0.0277418733984
-0.0227756225393
-0.0183257023843
-0.0104999748924
-0.0145045095751
-0.0271964767628
-0.0354904535494
-0.0304420546862
-0.0250216400195
-0.0235735127121
-0.018162080514
-0.0117446653232
-0.013377944575
-0.0188363776342
-0.0246657252872
-0.0240620031521
-0.0196322556774
-0.0182716001024
-0.0147456917115
-0.0101371176444
-0.0121455780019
-0.00718637946526
-0.0168215016182
-0.0174020206083
-0.0162817095528
-0.0141055795488
-0.011301770074
-0.00623518329144
-0.00538574827468
-0.000296744749983
-0.0101560037795
-0.0121738447681
-0.0115083550664
-0.00996230613619
-0.00647058230227
-0.00704472808795
-0.00104594619409
0.00324003727385
-0.00620277129564
-0.00901764140417
-0.0104690741231
-0.0112399897509
-0.00912208529935
-0.00405064992022
0.0011697151615
0.000355282233772
0.000342384551633
-0.00401801181871
-0.00831771713463
-0.00724701462143
0.00386123207775
0.0175024889712
0.030090128322
0.0288437985053
0.00424593813577
0.000608308191624
-0.00214352441387
0.0021416404633
0.0143959724557
0.0192229130543
0.0181737136003
0.0203750245464
0.0216694645035
0.0114219552069
0.0055468188803
0.0102879465121
0.0209768833963
0.0244682555282
0.0250648720842
0.0260237215509
0.0402394187515
0.0181728994806
0.0179186116625
0.0220235783031
0.0329730320669
0.031075238826
0.0288528490554
0.0348344581882
0.0714185834605
0.0268919278869
0.0286147175325
0.0397927480858
0.0439900936036
0.0365147776886
0.0321577316758
0.0440454711167
0.0892237557181
0.0386412981959
0.0444920632073
0.0321672115376
0.0145794388373
-0.00683139571618
-0.0159710483388
-0.000247882094964
0.091911007666
0.063426388226
0.0493422817344
0.0120865571628
-0.0226837267301
-0.0436946223167
-0.055073741489
-0.0439357404809
0.0785271753288
0.0921511686645
0.0484998934637
-0.0134812561541
-0.04775009724
-0.0543645169843
-0.0595695998101
-0.0661639248736
0.0662061222866
0.108526083319
0.051362503959
-0.0231857451555
-0.0516728202764
-0.0515276393724
-0.0574357469568
-0.0722801558281
0.0602854031438
0.0949206789216
0.0447243002646
-0.0232540436508
-0.0422321385903
-0.0446077373564
-0.0584780041887
-0.0780971581837
0.0671253092995
0.0671620565268
0.0326063957738
-0.0232287837293
-0.0356556136905
-0.0444832186451
-0.0644572661066
-0.0843979520947
0.0701028402869
0.0555655132711
0.0203206524262
-0.0295809592459
-0.0430213945747
-0.0473286852281
-0.0571530630209
-0.0716118947741
0.0571910026263
0.0318827737006
0.00754913804474
-0.0283513835393
-0.0381952481637
-0.0405678628775
-0.0436197434036
-0.0468567303162
0.0373321396052
0.0192845204619
0.00311608012381
-0.0241189822649
-0.0350556779031
-0.0338825382728
-0.0352178607009
-0.0322903995566
0.020733339858
0.00993081852836
-0.00362495640965
-0.0190165398037
-0.0271433726327
-0.0255749520961
-0.0244702582807
-0.0185944734256
0.00997399374687
0.00248292652295
-0.0125928253803
-0.0233129046076
-0.030340489367
-0.0242401084971
-0.0167447467801
-0.0106927444859
-0.00735321752748
-0.00831420685947
-0.0127394468754
-0.00643473966749
-0.00240255656077
0.00312034133013
0.0068489728938
0.00549579063834
-0.00658209688544
-0.0023014955173
0.00391737870231
0.0103159952894
0.0094262504092
0.00950359976151
0.00769747289024
0.00627593653235
-0.0018181953051
0.0153065105002
0.0227345265761
0.020808900006
0.015577419488
0.0141484765685
0.00665854819863
0.00685795139448
0.0164102532496
0.0314133501669
0.0267751073818
0.0155716722736
0.0119408459978
0.00681910738337
0.000100399577006
0.00388047228264
0.0312315918088
0.0311841709165
0.0160792203687
0.000341053057808
-0.00967262510803
-0.0167995328074
-0.0216490599135
-0.0111902582396
0.0277648652286
0.0267332783758
0.00699302009214
-0.018046431085
-0.0316301436713
-0.0356974357006
-0.0386839833713
-0.033933772667
0.00100449554492
0.024069528698
0.030177397863
0.000426347993648
-0.0214334481429
-0.0296480560434
-0.0373018061575
-0.041709404559
-0.0432298470145
-5.68658820171e-05
0.0343030071777
0.0356105059262
0.0202280336597
0.014581750398
-0.00374211447778
-0.0248978454365
-0.0783300999642
-0.0351653337219
-0.0136792679824
-0.00353610327139
0.0225872674426
0.0446131172931
0.0442131972731
0.0170104008326
-0.083986643057
-0.0532775841895
-0.0422682752891
-0.0363604698005
-0.0156433511844
0.0186042073902
0.0426565748554
0.0516256196576
-0.0693945132329
-0.0519891833532
-0.0446840379838
-0.0425411065928
-0.0240011568307
0.0107041255115
0.0356011477882
0.0655384262191
-0.0329743635794
-0.0325808375871
-0.0271179715903
-0.0197734433408
-0.00176976228964
0.0190932043273
0.0358386201847
0.0610343524453
0.00018036435594
0.000163309936345
0.00459976452333
0.00500081683028
0.0110386440719
0.0291197159296
0.0370642286711
0.036755076827
0.00859711522554
0.00891967916796
0.0110066635347
0.0113138574797
0.00869479669643
0.0210564500493
0.0184497029884
0.0115088835045
0.00764387004964
0.00637992085661
0.00718529403742
0.00449475803738
0.00206786637446
0.00529453570851
0.00482319993461
0.0026539751105
0.0112202954862
0.00771903150588
0.00490561300023
-0.00163969579141
-0.0101476633305
-0.010740861965
-0.006691841092
-0.00469123764801
-0.00207511646299
-0.00441292804609
-0.00902658846414
-0.00564501715275
-0.00213322742654
0.00242411581646
0.00155368330242
0.00249130380731
-0.0057180967971
-0.00564381654699
0.00193988075916
0.0130874543021
0.0157594186679
0.00854163965722
0.00399131825252
-0.00519701758838
-0.0126619977637
-0.0110911586865
0.00655209131034
0.021180604726
0.0197439126396
0.0148032336662
0.00236781912368
-0.0137141619657
-0.0193769711
-0.0159842474039
0.00389551375328
0.0210285300857
0.0197391047096
0.0143418424743
-0.0038350991691
-0.0199903363755
-0.0240932280442
-0.0175759557887
0.00497184039463
0.0266867570121
0.0165804445381
0.0150402132303
0.000160128297055
-0.0203763813686
-0.0329674566727
-0.024853484958
0.00372696631235
0.0402724969029
0.040186595807
0.020315943648
0.00466442606041
-0.0138120028412
-0.0294753570611
-0.00662471264537
0.0202354094179
0.0476047302716
0.0459578206005
0.0309078335705
0.0145367075756
-0.00230821034351
-0.0270157402627
-0.00254523055769
0.0234446850057
0.0510147560593
0.0462051534915
0.0369556509219
0.0127443571205
-0.00414336046312
-0.0319562379901
0.00707731760605
0.0294100752581
0.049529280009
0.0519993733929
0.0375454670899
0.0085662203355
-0.0136299665216
-0.0545206323799
-0.0133891034167
0.0156106019896
0.0349413784214
0.0517295329669
0.0205929730787
-0.0161610844044
-0.0369754877387
-0.0640629566839
-0.03822971205
-0.00956003060063
0.0247978638298
0.0402593630248
0.0108103304456
-0.0314645254044
-0.0515986496943
-0.0552916563447
-0.0422673693717
-0.0167796603694
0.0216097105205
0.0358512003576
0.0108597297138
-0.0250898787102
-0.0371148142497
-0.0415667365869
-0.0365574541351
-0.0161202358454
0.0200174020748
0.0354298327506
0.0177406884333
-0.0116735653198
-0.0178617741878
-0.0295623996244
-0.0294575491206
-0.0136668354221
0.0198472202293
0.0314940910154
0.0234945486831
0.00129793082966
-0.00563624497789
-0.0181477899291
-0.0216134068868
-0.0134959932584
0.0145279415409
0.0224265683023
0.0200698131753
0.00690922461498
0.00130179122378
-0.0101505969164
-0.0204138924351
-0.0193826077645
0.00054732547335
0.00579370179272
0.0166879659469
0.0135272347461
0.00520208429987
-0.00718808390299
-0.0128608131183
-0.0254126179521
-0.0339624805798
-0.0358296539894
-0.0269046586545
-0.0133455315069
-0.00348489176412
-0.00661575398103
-0.0157827980521
-0.0274538772519
-0.0319837325005
-0.0343548653157
-0.0272030026608
-0.0134264646267
-0.000587604037423
0.0123785978722
-0.0175172122745
-0.0362158044658
-0.0438369343744
-0.0464487444014
-0.0339103937437
-0.0163355261551
0.0225758916836
0.0402793864668
-0.025863126474
-0.0493562460201
-0.0588034504245
-0.0556777030218
-0.0358302869375
-0.0160011367447
0.0496745536855
0.0930401324505
-0.0377302672003
-0.0684514930824
-0.0781346839134
-0.0631677906841
-0.0288585572618
-0.00579034001124
0.0697870875671
0.122836449901
-0.054250882125
-0.0718792332728
-0.0705656915695
-0.0476924293251
-0.00766066134649
0.0117915898486
0.0884046224761
0.125323361532
-0.0603201078226
-0.0698230891893
-0.0655410658622
-0.0281311440052
0.0140067160287
0.0310744238862
0.0854461909937
0.122027124895
-0.0485355929798
-0.0642129630116
-0.0619946298908
-0.0173864878242
0.0364054162329
0.0508754093802
0.0747747020902
0.117007184932
-0.0259261345197
-0.0557385798074
-0.0411911400963
0.00877549617488
0.0630808266825
0.0715280184606
0.0613564871458
0.0977790870344
0.0119620738478
-0.0179033609954
-0.00367852924839
0.0358652018664
0.0742968531591
0.0914590899409
0.056844820995
0.066019923777
0.0410767028217
0.0325467634261
0.0346292030947
0.0370082292572
0.0544045335056
0.0820450620851
0.0521971789909
0.0311428500717
0.0380022930712
0.0421383641283
0.0341732954845
0.0267872172386
0.0307737048121
0.0476554710325
0.0338919359057
0.00496146421933
0.0254561871093
0.0283526701744
0.0162895517918
0.00570646365157
0.0127236456158
0.0158866659623
0.0153420949673
-0.0136705281906
0.000771973085482
0.00799685990125
0.00480754937824
-0.00602593541029
-0.00573803988168
-0.00627690165417
-0.00562528353561
-0.0154718967525
-0.0128481133881
-0.0122412944571
-0.0120207102529
-0.0175776659553
-0.0155409548067
-0.0138875533934
-0.0126838783769
-0.0123868412621
-0.017035080996
-0.019126363638
-0.0186902371953
-0.0223799318948
-0.0186713326759
-0.0152434084954
-0.010372788422
-0.00254861893732
-0.0096706894931
-0.0191623405717
-0.0252504845987
-0.0262113683557
-0.019708612176
-0.00943924023651
0.0070461572111
0.000965864115173
-0.0103602186468
-0.0179316912177
-0.0208043441902
-0.0221984475496
-0.0174587529867
-0.00864703991025
0.0176311141184
0.00641576873932
-0.0111561301782
-0.0207971700173
-0.0256457571436
-0.0270405644753
-0.0224739247191
-0.00665420797839
0.0299796720949
0.00874486783631
-0.0144167831404
-0.027178323301
-0.0332021745142
-0.0331062203475
-0.0250345653163
-0.0023837452496
0.0332922521338
0.0160083089727
-0.0180922545721
-0.0357586105777
-0.0434383723506
-0.0410874103921
-0.0309345413449
0.000820670453539
0.0297826834495
0.0136506440942
-0.0215629627093
-0.0377360130489
-0.0412480386693
-0.0400773439399
-0.0259144711871
0.0074020841922
0.0186723179959
0.000128446798379
-0.0119420817855
-0.0317251376683
-0.041068914185
-0.0407672519039
-0.019215386905
0.0108873508369
0.0048456955392
-0.0199161599125
-0.00177296843477
-0.0197105279949
-0.0414276495163
-0.0393630836062
-0.0102641631393
0.0104763606766
-0.00262895763933
-0.0333599089406
-0.00306300827566
-0.00818184535612
-0.0326204404461
-0.0314357287035
-0.00537042863658
0.00491708562825
-0.0117950624661
-0.0395537100115
-0.00733102723697
-0.00281874493067
-0.0166453870653
-0.0166164589543
-0.00136356025406
0.000249428560649
-0.0203088658184
-0.038231939293
-0.0154930725005
-0.000738226502711
-0.00136965878945
-0.00637264093436
0.001012230248
-0.00421280324388
-0.0261268179002
-0.0321852037851
-0.016641385478
-0.00154238915355
0.0039685292589
0.0022281655047
0.00441383184247
-0.0069504858938
-0.0248518430719
-0.0226344853866
-0.0174879863264
-0.004570986269
0.00147766693702
0.00145444709707
0.00299709078155
-0.00580309960565
-0.0174539052191
-0.0135885003694
-0.0141779270696
-0.00722144123329
-0.0018549903942
0.000160701839472
0.00182418826167
-0.00395830669395
-0.0118437237027
-0.0099543054614
-0.0118983097849
-0.0106953600169
-0.00811311506382
-0.00607722626674
-0.00409532069563
-0.00447981591323
-0.00702750211677
-0.0073876913397
-0.0121276635019
-0.0168852309734
-0.0172038983936
-0.0161216833301
-0.0114732905577
-0.00769583068888
-0.00552467297235
-0.00540678279892
-0.00950735630859
-0.0172944965097
-0.0231023413496
-0.0238634310033
-0.0188992504438
-0.012810784358
-0.00757209997658
-0.00844893806557
-0.0111775618631
-0.0163258167431
-0.0193538834454
-0.020255644899
-0.0175769669137
-0.0148192468623
-0.0112726258833
-0.0135522669507
-0.0155649938078
-0.0203902997265
-0.0237063539221
-0.0250692152043
-0.0218637687055
-0.0191267326286
-0.0156022418374
-0.0183637713591
-0.0216307697268
-0.0266027547006
-0.0306731209415
-0.031288665893
-0.0269023029211
-0.0224229025089
-0.0156539785734
-0.0189903420768
-0.0316513880597
-0.0370606134263
-0.0406646515303
-0.0407267996593
-0.0346976107732
-0.0249235415557
-3.17711081761e-05
-0.0112150932174
-0.0382668475116
-0.0404768773155
-0.0367290479263
-0.0370894481975
-0.0348097299815
-0.022605797931
0.0215052631017
-0.00116316553992
-0.0396130420116
-0.031100785901
-0.0174466866529
-0.0288692122642
-0.0348944850321
-0.021153414625
0.0332045904309
-0.000212222305035
-0.0325817228678
-0.0161277942952
-0.00040002628488
-0.0194426115459
-0.0290356723958
-0.0159243626399
0.029803721333
-0.00333820811853
-0.0200586230284
0.00134377968054
0.00898710627077
-0.00711797911677
-0.013909105289
-0.00680962703448
0.0191085692019
-0.00710655696234
-0.000498609471002
0.0144941632924
0.00840267490914
0.00533830122687
0.00867991649933
0.00533757541204
0.0049673134079
-0.0162368253863
0.000634266211485
-0.00153657821806
-0.0117948433603
-0.00517161208023
0.00922332064857
-0.00124781278129
-0.0161771855094
-0.0242297946999
-0.0145768905181
-0.0220104701632
-0.0278272500914
-0.0243532758379
-0.0116581056521
-0.0147381522998
-0.0239448092346
-0.0261864254112
-0.0238725563729
-0.0273635715795
-0.0300549781508
-0.0284180850107
-0.0218970380589
-0.0219321256426
-0.0219144173225
-0.0195167124378
-0.0212831761948
-0.0249538899361
-0.0268893776515
-0.0275933778405
-0.0219374158514
-0.018480246819
-0.0154650522914
-0.0121081489739
-0.0164155061449
-0.019958787282
-0.0215896133437
-0.0238505970263
-0.0189786720482
-0.0143633561234
-0.00906642617983
-0.00758552545601
-0.0134056303182
-0.0189807881184
-0.0221249898503
-0.0248901635183
-0.0192173306544
-0.0111996824204
-0.00565133493276
-0.0044363118501
-0.00889855732019
-0.0174391453263
-0.0232926193047
-0.0239076183306
-0.0184134708086
-0.0109070133987
-0.00500078002056
-0.00464741482354
-0.0103043209371
-0.0158259007222
-0.0183198054623
-0.0187249679953
-0.0148155705481
-0.0105253069107
-0.00676303476953
-0.00459357365638
-0.0113011946902
-0.0173611530156
-0.0211970968118
-0.0215390041016
-0.0147489391778
-0.00879617827203
-0.00577167167916
-0.00563034620046
-0.00998697316626
-0.020189659327
-0.0249446461009
-0.0244392158983
-0.011208848857
-0.00368900734224
-0.00650802551415
-0.0103498253881
-0.00995439019596
-0.0221238306047
-0.0287234749794
-0.0223134712017
-0.00670255608179
-0.00280907515131
-0.0144519734986
-0.023836178964
-0.0115194028879
-0.0158610312892
-0.0211567102522
-0.011164439647
-0.00557308815845
-0.0148887493542
-0.0257024452778
-0.0447024897409
-0.0177698886059
-0.00547021605305
-0.00676941389205
-0.00627705041125
-0.0123363925898
-0.0250126091257
-0.030369724109
-0.058421407767
-0.0272013183094
-0.00185529452529
0.000159454289326
-0.00864533892542
-0.0174120047189
-0.0257009275098
-0.0287510978403
-0.059820476744
-0.0246259016195
-0.00215498819516
-0.000730158455397
-0.00882153977413
-0.0126686097621
-0.0215861821208
-0.0296741925026
-0.0501184911411
-0.0157525501267
-0.0018325580027
-0.0124887167847
-0.00802518449389
-0.000118287918096
-0.013719122602
-0.0283918623205
-0.0296542696595
-0.00920486027243
-0.0128945780211
-0.0264694507975
-0.0217677671238
-0.00583680808157
-0.00772788229428
-0.0200282991254
-0.0141832448579
-0.0132762534709
-0.0241920901482
-0.0322811454771
-0.028754724116
-0.0166349610233
-0.0123140033852
-0.0153345002453
-0.00527423550268
-0.0148863055425
-0.02427154686
-0.0283200923525
-0.0292155567102
-0.0190581868215
-0.0143042297333
-0.0128083204523
-0.00542862842179
-0.0155806989013
-0.022258727679
-0.0245792973538
-0.0267111160072
-0.0194952380328
-0.012690605972
-0.00870359207859
-0.0075805961628
-0.0138153597148
-0.0183846585734
-0.0200485995911
-0.0231193676114
-0.018017066807
-0.0126324260228
-0.00590334450086
-0.00532802562792
-0.012249315798
-0.0186329866585
-0.02162062453
-0.0252011317895
-0.0194914080755
-0.0108372028866
-0.00526922022551
0.0199003972732
0.0194061628092
-0.000778733722417
-0.0215409519898
-0.0236412098802
-0.00834911355157
0.0182630561239
0.0270149984531
0.0243125358801
0.0333270398078
0.0162415276147
-0.00895579764037
-0.00783665583155
0.0100197644504
0.0272388506195
0.036809513252
0.0173496226331
0.0270607374738
0.0248170414217
0.00206988899705
-0.00405073080785
0.0185057218671
0.0368309053187
0.0333890113244
0.00927808746976
0.0133829910793
0.0177345142356
0.0164217698141
0.00966280421387
0.0308867584878
0.0427439453823
0.018324223163
-0.0104080897497
-0.00594019816731
0.00598256873082
0.00945557846441
0.0142575678488
0.0410986590278
0.0350564159082
-0.000671725405674
-0.0342732981225
-0.0205564861843
-0.0027817601652
0.00530185895097
0.0197075488831
0.0436532153535
0.0182776689362
-0.00708828009459
-0.0582368200216
-0.0390984181627
-0.0163170786601
-0.000716685339061
0.0244357252337
0.0329970439824
0.0103657435157
-0.00658727250208
-0.0715314668923
-0.045077303093
-0.0273934503353
-0.00599447719665
0.0156724512013
0.00834993244374
0.00475418107936
-0.0102390085729
-0.0746217283234
-0.0451510259103
-0.0240669015755
-0.00687538756287
-0.000753880637972
-0.00119487767522
-0.00391114060133
-0.0143681008215
-0.0689975161966
-0.0398483506708
-0.00839509731483
-0.00422277545168
-0.0092916467787
-0.0119137075782
-0.00862424859809
-0.017500046167
-0.0544166985053
-0.0241754742343
-0.00203303798071
-0.0142632961913
-0.0146343047698
-0.0156288531504
-0.0133862506723
-0.021296304941
-0.0341520574374
-0.0110706840157
-0.00581919708943
-0.0177355742572
-0.0170671845192
-0.0158769783038
-0.0118153117064
-0.0162331076886
-0.00214029080647
0.00353951379313
-0.00505971737076
-0.0131335211167
-0.0159304824043
-0.0111299525237
-0.00595616604232
-0.00751066632721
0.0140582293125
0.00769112668897
0.00199285992041
-0.00637387523349
-0.0114547745702
-0.00665155150266
-0.00296632766979
-0.00282525443996
0.0191909715863
0.0102250597731
0.00444983682767
-0.00354590866347
-0.00641204305666
-0.00593331113795
-0.00246346825675
-8.77483502598e-05
0.0180356691786
0.015299487764
0.00886653220808
0.00161781160531
-0.00497973741811
-0.00463294253011
0.00150746875191
0.000238866086275
-0.00445004493279
-0.00835751507649
-0.0184885842663
-0.0251614748758
-0.0269228110684
-0.0225245270503
-0.01671824912
-0.00939636584425
-0.00511391705976
-0.00791704403433
-0.015243679862
-0.0179482347198
-0.017617721153
-0.014812710245
-0.015289554098
-0.0114112304902
-0.00443774170137
-0.000898717301374
-0.00447284775327
-0.0082358798718
-0.0083600130555
-0.0091674283474
-0.0125417588871
-0.0124993984403
0.00513864768148
0.00801640625151
0.00243338664802
-0.00441894995281
-0.00161122754367
-0.00282212221826
-0.00640523798697
-0.0128184517954
0.0227130685481
0.02179600007
0.0144703532936
0.00784075352039
0.0100105088424
0.0137718930448
-0.00111334545916
-0.0150332601847
-0.0100849252891
-0.0142680534394
-0.0162849418878
-0.00457420419422
0.00865426496092
0.0283401090429
0.000759343908082
-0.0204013216937
-0.0490310134652
-0.0344916132572
-0.0228952780182
0.00126258480735
0.0348912486445
0.0367931641885
-0.00360005043333
-0.0220944690812
-0.0508832781756
-0.0192699290729
0.00455610968284
0.029411174633
0.0405308964557
0.0217181959049
-0.00587146168734
-0.022794747263
-0.0613597401597
-0.0195110740068
0.0205977786437
0.0345109156284
0.00929403341263
-0.010832740146
-0.0218283173802
-0.0315123689084
-0.0652753182762
-0.00928687418898
0.0334823910132
0.016641300271
-0.0149606712997
-0.0188909930572
-0.0219163779366
-0.0272355718975
-0.0426108677279
0.00692515983532
0.0291656730522
0.0118774231868
-0.00573113950956
-0.00255429145656
-0.00521358051172
-0.00513821463289
-0.0240267113694
0.00217792328934
0.0203095755249
0.0123493309875
0.0129558543321
0.0159289628099
0.0166836709836
0.0142040870179
-0.0134516746027
-0.00603453671283
-0.00280342742732
-0.00896264117678
-0.00543815232292
0.00472540022755
0.00574648384347
0.00220239190278
-0.0125562113352
-0.0115725441241
-0.00965356876606
-0.010309409938
-0.0121866028337
-0.00466516242325
-0.00628058439031
-0.00851738116504
-0.0108888732463
-0.0143582213959
-0.0166804276923
-0.0201354381165
-0.0244145111733
-0.0176761202871
-0.0150746794689
-0.00835953319074
-0.00873939098678
-0.015385758943
-0.0207592043801
-0.023568391103
-0.0267378706273
-0.0198741093292
-0.0119602237437
-0.00463946248874
-0.0353346516127
-0.0142496006825
0.0444171108665
-0.0150965207717
-0.0274617770425
-0.0112738906194
-0.0197501063854
0.0109971784447
0.0221283491691
-0.00774648324002
0.00904905895714
0.000269583125969
0.0180018349055
-0.0295544372504
-0.0176329839568
0.00943528713242
-0.00909056450425
0.0588222512925
-0.0137450071288
0.00980849454043
-0.00395597320505
-0.010180443315
0.0112625349237
-0.00902980980404
-0.0119075224149
0.00391911709099
0.0874023281038
0.0155403665432
-0.00722883993334
-0.00645630525595
-0.0183209049601
-0.00474194244458
-0.00863961105285
-0.00472337793413
-0.00901017436807
-0.00325345249943
-0.00502865807683
-0.00814981707126
0.014013800838
-0.0179726047178
0.00660823595533
-0.00639277819593
-0.00383229589226
0.00797926528753
-0.00590711299181
-0.00667408282346
-0.00951630169005
-0.00428586399503
-0.00410625693331
-0.00380017869018
-0.00504644674785
-0.00527998676703
0.0406306627726
-0.00690679080111
0.00612514508373
-0.00733204043572
0.0533191257214
-0.0054348314237
-0.00978300834729
-0.00534713633171
0.0516461515097
-0.00371505647327
-0.00571771224809
0.0103835981806
-0.00786543813495
0.0212757958634
-0.0168249963315
-0.00736474971642
-0.00437417260076
-0.0097527679576
-0.00666793449994
-0.00758905812068
-0.0105933930137
-0.00487041322205
-0.00464864339758
-0.0043223067957
-0.0057539732281
-0.00598071911317
0.00530961928749
-0.00658443026015
-0.00780726446031
0.0136953912068
0.0721898031518
-0.00515178050068
-0.0093983957394
-0.00508695819838
0.0109572447041
-0.00352151947562
-0.00543417572426
-0.00888190151712
-0.00764147532466
0.0341613395483
-0.0161424410678
-0.00696730783355
-0.00414623072791
-0.00924717902007
-0.00637418124353
-0.00725392015481
-0.0102145058666
-0.00464015598044
-0.00443795536198
-0.00412072704286
-0.00550757674704
-0.00573190832029
-0.042566766393
-0.0172690166123
4.46127014384e-05
0.00231996915577
-0.0352266510836
0.00344196536161
-0.0120472313767
-0.00114888710137
-0.00819296831204
0.00642576668293
0.0242245867281
0.0830800824774
0.00947821740638
0.000660496019656
-0.0416318463998
-0.000356692151157
-0.0110735802604
-0.00355629304345
-0.00560024298536
0.0426321250098
-0.0154263920774
0.0304574563114
-0.0117937698549
-0.0109791024963
-0.0145802661221
4.73260929674e-07
0.00517019659989
-0.00484012066458
-0.00563924125027
-0.00514246404271
-0.0143269166319
0.0165068241772
-0.00682609718919
-0.00372987909201
0.0247583141128
-0.00258201035159
-0.00397672617898
-0.00659268773742
0.00573809441047
-0.0139108758436
-0.0115355416913
-0.00507373113078
-0.00304079321566
-0.00664025456734
0.00981008359431
0.00943270482789
0.0127611975332
-0.00339248747313
-0.00324714647182
-0.00301400187473
-0.00401477924979
-0.00418999907941
-0.0226716157347
-0.00904889065927
-0.01069803006
0.00274764026438
-0.0269197053782
-0.0070496804222
0.00810625602772
-0.00698152111683
0.00120904225913
-0.00485626267533
-0.00742821330566
-0.0122052291043
-0.0106524101006
0.212029568048
-0.00588285814729
-0.00950222213193
-0.00571628284054
-0.0126353245204
-0.00882153644853
-0.00988898420145
0.00699976742482
-0.00638020726776
-0.00612315727313
-0.00566006157304
-0.00755204657928
-0.00783437913047
-0.0118621877674
-0.0047231138813
0.0126618035229
-0.00498664710241
-0.0141152650608
-0.00367261201021
0.00808717627684
-0.00364446436887
-0.00702307683372
-0.00251813216449
-0.00388486641417
-0.00635101374566
-0.00541573105814
-0.0136291669351
-0.0114150542921
0.0300696248039
-0.00296505365307
-0.0065190252941
0.017741449059
0.00727334030125
-0.00729486870493
-0.00331275365029
-0.00317112416166
-0.00293902263177
-0.00390355913383
-0.00408316492069
-0.0240109180298
0.00450533092651
0.00784097182855
0.028724036803
-0.0278071240634
0.0245207488327
0.00722198433159
0.0106877709108
0.00527079485784
-0.00513473871568
0.0312766570558
0.0721412215038
-0.00310752609797
0.0286863815885
-0.00119797469682
-0.0100933190153
-0.00606869498599
0.0534973815732
-0.00942848413922
0.0963166177056
0.0234538587714
0.014044363242
-0.00644079657105
0.0133707619311
-0.00804611006624
0.0265088954906
-0.00823540060087
-0.00331775664109
-0.00386536812592
-0.0035136914967
0.00201478418857
-0.00257990780592
-0.004667239791
-0.00255676019247
-0.00498688897844
-0.00177017940048
-0.00272420110527
-0.00450923856649
-0.00377481521753
-0.00954549760952
0.00793036694492
-0.00345473461668
-0.00208335435716
-0.00453865525743
-0.00318981121076
-0.00363600887641
-0.00510589770178
-0.0023251726108
-0.00222524884598
-0.00206395194898
-0.00274310435433
-0.00286744603121
0.00835172136288
-0.00502199423662
0.0255967111649
-0.00531660064426
0.00270826780279
-0.003913807657
-0.00706647624646
-0.00387806491373
-0.00749194829015
-0.00268084329679
-0.00413732778105
-0.00677781484973
-0.00576434129344
-0.0144305990016
0.00425924883324
-0.00527426202655
-0.00315678335381
0.0141352624248
-0.00483982828464
-0.00550923761693
-0.00774889083431
-0.0035262504385
-0.0033746487438
-0.0031299629957
-0.00416012908077
-0.00435000714959
0.0675227742865
0.0603399181282
0.00960712743414
-0.00926164537717
-0.0126500616028
-0.0067213021391
0.00594948388372
-0.00669707275509
0.0223236397674
-0.00459691512274
-0.00710300741425
0.0314150637078
-0.00968952871062
-0.0242560164499
-0.00026229342876
0.0117490685626
-0.00542821662117
-0.0116450099816
0.0123434710159
-0.00951576683826
0.0371471068253
-0.00603095277813
0.00667300766943
-0.00536289230455
0.0107180975565
0.0101213633407
-0.016791216219
-0.00665948751071
-0.00803178071096
-0.00705259170866
0.00943466548382
-0.00524069400202
-0.00926700646521
-0.00519947363419
-0.0098694347667
-0.00361699006337
-0.00555075780521
-0.0089013931814
0.0106433081669
-0.0195483515224
0.0662304998444
-0.00700832368238
-0.00424141032341
0.0214607498565
-0.0064313312812
-0.00732215824865
0.0112951045764
-0.00476605784385
-0.00457588874055
-0.00421080808676
0.00688701250013
-0.00581026597334
0.0329743073421
-0.0160953363109
-0.0197159620531
-0.0171285393251
0.0237751310755
-0.012853656131
-0.0224050863259
-0.0126595776882
0.218158962441
-0.00893097844965
-0.00118396690457
-0.00687473717175
-0.018698437191
-0.0278259445079
0.048179239059
-0.0171275776578
-0.0104341001471
-0.00430230759581
-0.0155951459207
-0.0177149249685
0.0281034125316
-0.0116594996522
-0.0111689698427
-0.0103066063573
-0.0135235187125
-0.0140694904612
-0.0328839675125
0.00253080197192
0.0407137023524
0.00736512790304
-0.0248384321061
0.014628830087
-0.00147145195635
0.0070990895773
0.0242175514682
-0.00751579570926
-0.01147743689
0.0192564017045
-0.0155569044615
-0.00977846978635
-0.0190345800482
0.00630655078565
-0.00882984457174
0.0552027275887
-0.013364370348
-0.015018911836
-0.02118846308
-0.00982643230596
0.0116695358512
-0.00869755180745
-0.0115698077495
-0.0118957309688
0.000541815907149
-0.0064484211611
-0.00757840331542
-0.00690180153439
-0.0194653403168
-0.00507845627616
-0.00919514205498
-0.00498793524407
-0.00970718298548
-0.00346239803013
-0.00533199642692
-0.00881245842539
0.0812142047405
-0.0192386073902
0.00208821877703
0.0112932880174
-0.00408041098026
-0.00900453994113
-0.00626406435563
-0.00716271192288
-0.00998804622608
-0.00455209917045
-0.00436660550126
0.0144863939273
-0.00541136378876
-0.00563025491715
-0.00971203127725
-0.0039117180932
-0.00455670719217
-0.00413701813952
-0.000322270752329
-0.00304056629348
-0.00550739342604
-0.00301376481382
-0.00587835153676
-0.00208636561057
-0.00321036856788
-0.00531480815892
-0.00445828114015
0.0108482392851
-0.00934376514526
-0.00407407933407
-0.00245608418164
-0.00534942385339
0.0147780277511
-0.00428492023777
-0.00602247989089
-0.00273990228595
-0.00262276797789
-0.00243257533089
-0.00323343919198
-0.00337958269484
0.027404523007
0.0129459398879
-0.00974227011886
-0.00867943539949
0.0637327499403
-0.00642095651211
0.00544203150641
-0.00629832606331
-0.0122697274656
-0.00437644530299
-0.00674798163971
-0.0110943260814
-0.00947352765619
-0.0233616683358
0.0423695909331
0.0307250420224
-0.00515360047075
0.00945963251074
-0.0078668360734
0.00628212257516
0.00841935052721
-0.00575114389258
-0.00549801486741
-0.00510850933799
-0.006815079913
-0.00708259403
-0.0148565657202
-0.00594189203668
-0.00699467046971
-0.00627521120388
0.0243221103262
-0.00462163758709
-0.00838388592032
-0.00458890620047
0.0317949972564
-0.00317863305565
-0.00488613222971
-0.00799423764786
-0.00684280210411
0.0369447462808
-0.0144364943016
-0.00620003035779
-0.00374006759363
-0.00819394523914
0.0156497211306
-0.00649419990566
0.0403066605347
-0.0041793501442
-0.00400222753936
-0.00370451731843
-0.00491589263105
-0.00513735178843
0.0678882639333
-0.00680789143814
0.0263999110661
-0.00721577736597
0.00924375937909
-0.00529546239108
-0.00956141465207
0.00950444746526
0.0119780387895
-0.0036315104971
-0.00559398207474
-0.00921835852216
-0.00779622515629
0.0353598224541
-0.0161879086196
-0.00709456650871
-0.00427523314339
0.00191537707446
0.0223300711585
0.0003242176686
-0.0104977996459
-0.00477240604219
-0.00457053115045
-0.00423995771338
-0.00563732075468
-0.00589644711872
-0.0217568132559
0.0119366705246
-0.0106556965217
0.00595387465896
-0.0265350018403
0.00786422370077
-0.0125629609823
-0.0068201859807
-0.0130345669305
0.00714651146588
-0.00727062599656
-0.0117335663866
-0.0100817569776
-0.00421055924791
0.0513040273404
-0.00929393266691
0.0464981792213
-0.0123789175299
-0.00851601197795
-0.00956976466287
-0.0138186324589
0.00908395026327
-0.00594641273909
-0.00548893160355
-0.00729940398136
-0.00758320886589
-0.0106677959431
-0.00427755938622
-0.00503276737617
-0.00453589860777
0.00790459594429
-0.00333547609588
-0.00602865823053
-0.00330461685246
0.00602845917127
-0.00228879139896
-0.00352380823846
-0.00578303736438
-0.00490755125103
0.00280777029257
0.0082747480118
-0.00447969179134
-0.00269331940414
-0.00590518181921
-0.00412436500176
-0.00469269983343
0.00521850864865
0.0178644857732
-0.00288119710581
-0.0026691005854
-0.00354616821169
-0.0037050795981
-0.0101302346884
-0.00406702133171
-0.00478852582484
-0.00430204437887
-0.012111904003
-0.00317174479744
-0.0057035997012
-0.00314417185599
-0.00608413039835
-0.00217843106408
-0.00335194108286
-0.00549315496015
-0.00465853903074
0.00926907715327
0.024596582149
-0.00425092580349
-0.00256172702413
-0.00560922696503
-0.00391342329189
-0.00445628598003
-0.00630427730119
-0.00286520397973
-0.00274341911374
-0.00253899326513
-0.00336635693503
-0.00352082244772
0.00973538378579
-0.00383097152026
-0.00448263914136
-0.00406369780755
0.0276955771949
-0.00298943844682
-0.00537841704937
-0.00295931221898
-0.0057567870547
-0.0020503144309
-0.00315580476351
-0.00520533139088
-0.00438778832869
-0.0110236620885
-0.00920223225722
-0.00400792468959
-0.00241231282807
-0.00526894857268
-0.0036891359398
-0.00421112374229
-0.00590841895248
-0.00269345997479
-0.0025791253971
-0.00239215189727
-0.00317697530066
-0.00332333875635
-0.0129766894061
-0.00518663684421
-0.00607041125697
-0.00553673152655
-0.0154665641836
-0.00405916248742
-0.00735465484355
0.0130849192605
-0.00782733657886
-0.00278002211612
-0.00427265814779
0.0994243744635
-0.00598678168897
-0.0153435837468
-0.0124820544804
-0.00545646550923
-0.0032728498191
-0.0071620489416
-0.00501533687444
0.00873797094812
-0.00799943656916
-0.00364914350571
-0.00349427618676
-0.00324533514927
-0.00432755535779
-0.00451064657392
-0.0133427584082
-0.00533685827396
-0.00624310143419
-0.00566138769452
-0.0158902784551
-0.00416769710258
-0.00748436364669
-0.00412536598748
0.0586055945051
-0.00285886938881
-0.00439953811602
-0.00725817313188
-0.00612639839178
-0.0153677459175
-0.0127491242593
-0.00558594819456
-0.00336389284461
-0.00733705947037
-0.00514599930275
-0.00587381177293
0.0307090010922
-0.00375429515419
-0.00359532596469
-0.00333663786922
-0.00443108396352
0.0509360711322
