   5.0000000e+01   4.9738005e+01   5.0000000e+01   4.9936217e+01   3.4935614e+01   3.6023255e+01   3.5971611e+01   4.9222156e+01   5.0000000e+01   5.0000000e+01   5.0000000e+01
   5.0000000e+01   4.8249788e+01   5.0000000e+01   5.0000000e+01   3.3371299e+01   3.4382614e+01   3.4017361e+01   5.0000000e+01   4.9171845e+01   4.8680097e+01   5.0000000e+01
   4.7741153e+01   4.9714349e+01   5.0000000e+01   5.0000000e+01   3.1268352e+01   2.9969549e+01   3.1874014e+01   4.8231586e+01   5.0000000e+01   4.9726154e+01   4.8360613e+01
   5.0000000e+01   4.9168633e+01   5.0000000e+01   5.0000000e+01   3.0487248e+01   2.8383814e+01   3.1114973e+01   3.1036877e+01   5.0000000e+01   5.0000000e+01   4.7575250e+01
   4.9036179e+01   4.9020794e+01   4.9309639e+01   5.0000000e+01   5.0000000e+01   2.7797885e+01   2.8074062e+01   2.8270298e+01   5.0000000e+01   5.0000000e+01   4.9716170e+01
   4.2977059e+01   4.8843598e+01   4.9348446e+01   5.0000000e+01   4.8395484e+01   2.6161874e+01   2.7108858e+01   2.8033726e+01   2.7956530e+01   5.0000000e+01   5.0000000e+01
   4.2787455e+01   4.8732828e+01   5.0000000e+01   4.9276879e+01   5.0000000e+01   2.6018565e+01   2.8077523e+01   2.5982575e+01   2.7633528e+01   4.9972439e+01   5.0000000e+01
   4.2707853e+01   4.4014057e+01   4.8388170e+01   5.0000000e+01   5.0000000e+01   4.9588749e+01   2.6270048e+01   2.7302050e+01   2.5977484e+01   2.7060598e+01   5.0000000e+01
   4.2550838e+01   4.5491948e+01   4.8859196e+01   4.9739749e+01   5.0000000e+01   4.9631989e+01   2.2445360e+01   2.6258463e+01   2.4071200e+01   2.4738992e+01   5.0000000e+01
   4.2066288e+01   4.2214983e+01   4.4560137e+01   5.0000000e+01   5.0000000e+01   4.8639037e+01   4.7796736e+01   2.2870307e+01   2.3684897e+01   2.4000261e+01   2.3066456e+01
   3.6196753e+01   3.9535177e+01   4.4401833e+01   4.9347051e+01   5.0000000e+01   5.0000000e+01   4.9428754e+01   2.1432749e+01   2.3879917e+01   2.4432149e+01   2.4738460e+01
   3.9001543e+01   3.8894020e+01   4.0048774e+01   4.3194917e+01   4.8762880e+01   5.0000000e+01   5.0000000e+01   5.0000000e+01   2.1837719e+01   2.1342153e+01   2.0845102e+01
   3.4578181e+01   3.6286725e+01   3.9214264e+01   5.0000000e+01   4.5296661e+01   4.9910378e+01   5.0000000e+01   4.8853492e+01   1.9601851e+01   2.0299837e+01   2.0357174e+01
   5.0000000e+01   3.5771819e+01   3.7050849e+01   3.9300392e+01   4.3687931e+01   5.0000000e+01   5.0000000e+01   5.0000000e+01   5.0000000e+01   5.0000000e+01   1.9341630e+01
   3.4078657e+01   3.5187210e+01   3.3501573e+01   4.0143585e+01   4.3362078e+01   4.6436562e+01   4.8877688e+01   4.9330887e+01   4.9724899e+01   1.9022811e+01   1.9316456e+01
   3.2704927e+01   3.3139229e+01   3.4111851e+01   3.8542515e+01   4.1398891e+01   4.5127871e+01   5.0000000e+01   4.9599677e+01   5.0000000e+01   5.0000000e+01   1.6753914e+01
   3.2135417e+01   3.3087844e+01   3.1126979e+01   3.5466536e+01   3.9036882e+01   4.4539022e+01   4.8827665e+01   4.9328198e+01   4.9865235e+01   5.0000000e+01   1.8430108e+01
   3.2552338e+01   3.0770507e+01   3.0816055e+01   3.5392231e+01   3.6585383e+01   4.0702024e+01   4.7468454e+01   5.0000000e+01   4.9981672e+01   5.0000000e+01   5.0000000e+01
   3.1815877e+01   2.9655191e+01   3.1645157e+01   3.3416501e+01   3.5897412e+01   3.8265609e+01   4.2998681e+01   4.9221906e+01   5.0000000e+01   5.0000000e+01   5.0000000e+01
   3.1162169e+01   2.9192164e+01   2.9793485e+01   3.0944056e+01   3.3207981e+01   3.7447602e+01   4.3772365e+01   4.8936439e+01   5.0000000e+01   4.9367293e+01   5.0000000e+01
   2.9299221e+01   2.7875439e+01   3.0324581e+01   3.1512117e+01   3.3175240e+01   3.5685979e+01   3.9873210e+01   5.0000000e+01   5.0000000e+01   5.0000000e+01   5.0000000e+01
   2.7211704e+01   2.6839805e+01   2.9758039e+01   2.9477488e+01   3.2650219e+01   3.4382396e+01   3.8333586e+01   4.7282904e+01   5.0000000e+01   4.9924551e+01   4.9060951e+01
   2.8922268e+01   2.9725377e+01   2.9106375e+01   3.0857886e+01   3.3073877e+01   3.3459140e+01   3.9192373e+01   4.7192901e+01   4.7971638e+01   4.9526763e+01   4.8261092e+01
   2.9619841e+01   2.8679513e+01   2.7428413e+01   2.8420723e+01   3.1167497e+01   3.4773383e+01   3.6948193e+01   4.4612093e+01   4.9550743e+01   5.0000000e+01   5.0000000e+01
   2.6916173e+01   2.7159253e+01   2.7028684e+01   3.0009812e+01   2.9104619e+01   3.1654358e+01   3.6087082e+01   4.5351539e+01   5.0000000e+01   5.0000000e+01   5.0000000e+01
   2.5500118e+01   2.4641116e+01   2.5145766e+01   2.6482262e+01   3.0225283e+01   3.1397039e+01   3.7056519e+01   4.1639866e+01   4.9164827e+01   5.0000000e+01   5.0000000e+01
   2.5003406e+01   2.4116939e+01   2.6502409e+01   2.8266962e+01   2.8195305e+01   3.0386785e+01   3.7874518e+01   4.3787973e+01   4.8724045e+01   4.8994429e+01   4.9049017e+01
   2.4328747e+01   2.4674531e+01   2.6117521e+01   2.4812304e+01   2.7815747e+01   3.1065011e+01   3.8201122e+01   4.5328712e+01   5.0000000e+01   5.0000000e+01   5.0000000e+01
   2.3949524e+01   2.3376475e+01   2.5763281e+01   2.5045513e+01   3.0277849e+01   2.7942142e+01   3.8640804e+01   4.7769824e+01   5.0000000e+01   5.0000000e+01   5.0000000e+01
   2.1935388e+01   2.1862714e+01   2.4068685e+01   2.5579504e+01   2.8251837e+01   3.1914873e+01   3.8121200e+01   5.0000000e+01   5.0000000e+01   5.0000000e+01   4.9226313e+01
   2.2725332e+01   2.0863679e+01   2.2056686e+01   2.6717945e+01   2.8240600e+01   2.9494735e+01   3.8078711e+01   4.9760269e+01   5.0000000e+01   4.9774206e+01   5.0000000e+01
   2.1264881e+01   2.1069714e+01   2.4897454e+01   2.6567583e+01   2.8239398e+01   3.2820399e+01   3.7864881e+01   5.0000000e+01   4.9129437e+01   4.9595078e+01   5.0000000e+01
   1.9841915e+01   2.0834461e+01   2.1277322e+01   2.3883787e+01   3.0315336e+01   3.4542674e+01   4.5663300e+01   5.0000000e+01   4.9502312e+01   5.0000000e+01   4.9764894e+01
   2.0138926e+01   2.2555228e+01   2.3362507e+01   2.5053322e+01   2.9564371e+01   3.5459036e+01   4.5498821e+01   5.0000000e+01   4.9893328e+01   4.8993037e+01   5.0000000e+01
   1.8160904e+01   2.2983905e+01   2.1855162e+01   2.7637837e+01   2.9502578e+01   3.8843077e+01   5.0000000e+01   4.9169532e+01   4.9312171e+01   5.0000000e+01   4.8861660e+01
   2.2807680e+01   2.2856681e+01   2.3383862e+01   2.5040847e+01   3.4908111e+01   4.3906130e+01   4.9025760e+01   4.9647748e+01   5.0000000e+01   5.0000000e+01   4.0607080e+01
   2.0685220e+01   2.1466647e+01   2.5105879e+01   2.7745143e+01   3.5287672e+01   4.7699002e+01   4.8853636e+01   4.9825225e+01   5.0000000e+01   4.9696245e+01   3.5554127e+01
   2.0063112e+01   2.1400182e+01   2.6802845e+01   3.0976357e+01   4.0443239e+01   4.8430685e+01   5.0000000e+01   4.9519347e+01   4.9517769e+01   4.5904933e+01   3.1389016e+01
   2.2326899e+01   2.5043318e+01   2.3641192e+01   3.3352613e+01   3.9233986e+01   4.9522617e+01   5.0000000e+01   5.0000000e+01   5.0000000e+01   4.2142552e+01   2.9353545e+01
   1.7977161e+01   2.1584565e+01   2.6989672e+01   3.4524600e+01   4.7851836e+01   4.8662023e+01   4.8306656e+01   5.0000000e+01   4.8965575e+01   3.8576344e+01   2.8407011e+01
   2.0868138e+01   2.2959779e+01   2.9364041e+01   3.8963608e+01   5.0000000e+01   5.0000000e+01   4.9550603e+01   4.8676666e+01   5.0000000e+01   3.5027096e+01   2.6469332e+01
   2.1667517e+01   2.6266262e+01   3.0793824e+01   4.0454239e+01   4.9490288e+01   5.0000000e+01   4.9915708e+01   5.0000000e+01   4.2195453e+01   3.1150981e+01   2.4074356e+01
   2.2650655e+01   2.5532642e+01   3.2178349e+01   4.4480567e+01   4.9997145e+01   5.0000000e+01   5.0000000e+01   4.8557621e+01   4.0212138e+01   2.9139132e+01   2.4245275e+01
   2.4298307e+01   2.7098964e+01   3.4225994e+01   4.6602829e+01   5.0000000e+01   4.9299380e+01   5.0000000e+01   5.0000000e+01   3.5343749e+01   2.8190101e+01   2.4735771e+01
   2.2629409e+01   2.8281369e+01   3.4741623e+01   5.0000000e+01   5.0000000e+01   4.8369457e+01   4.9585341e+01   5.0000000e+01   3.6457366e+01   2.7774902e+01   2.2630289e+01
   2.4106764e+01   2.7787320e+01   3.6158176e+01   5.0000000e+01   5.0000000e+01   5.0000000e+01   5.0000000e+01   4.5976770e+01   3.3163437e+01   2.8800245e+01   2.0951846e+01
   2.4467628e+01   3.1784542e+01   3.5965493e+01   5.0000000e+01   5.0000000e+01   5.0000000e+01   4.9609101e+01   4.9366606e+01   3.2944914e+01   2.6313189e+01   2.1668476e+01
   2.5839326e+01   2.7760283e+01   3.8816720e+01   4.9626929e+01   5.0000000e+01   5.0000000e+01   5.0000000e+01   4.4657517e+01   3.6148061e+01   2.4662121e+01   2.2453533e+01
   2.5850391e+01   2.9594786e+01   3.6563110e+01   5.0000000e+01   4.9222301e+01   4.9010098e+01   4.8857572e+01   4.4225746e+01   3.0925257e+01   2.6055829e+01   2.1438334e+01
   2.7361167e+01   2.9946340e+01   3.8585860e+01   5.0000000e+01   5.0000000e+01   5.0000000e+01   4.9375136e+01   4.5243926e+01   3.2480170e+01   2.5531942e+01   2.3157309e+01
   2.1873381e+01   2.9355583e+01   4.0121036e+01   5.0000000e+01   4.8617379e+01   4.9407344e+01   4.8831277e+01   4.5776813e+01   3.3887978e+01   2.5019616e+01   2.1275215e+01
   2.5214666e+01   3.0696090e+01   3.7131710e+01   5.0000000e+01   5.0000000e+01   4.9530191e+01   5.0000000e+01   4.5989958e+01   3.0918840e+01   2.5893713e+01   2.1633784e+01
   2.4179779e+01   2.9311041e+01   4.0973992e+01   5.0000000e+01   5.0000000e+01   5.0000000e+01   5.0000000e+01   4.8638688e+01   3.2533097e+01   2.5090132e+01   2.0429844e+01
   2.3727385e+01   2.8621423e+01   3.8523510e+01   4.9013038e+01   5.0000000e+01   4.8614780e+01   4.9406358e+01   4.7943177e+01   3.1671988e+01   2.5158779e+01   2.0303508e+01
   2.4122933e+01   2.9626829e+01   3.9469085e+01   5.0000000e+01   5.0000000e+01   4.8043246e+01   5.0000000e+01   4.5199937e+01   3.4962797e+01   2.5746566e+01   2.0509972e+01
   2.5733690e+01   3.0505806e+01   3.8555376e+01   4.9342799e+01   5.0000000e+01   5.0000000e+01   4.9495638e+01   4.6596363e+01   3.2716340e+01   2.5932630e+01   2.0867866e+01
   2.2605433e+01   2.8569933e+01   3.2874888e+01   4.9396082e+01   5.0000000e+01   5.0000000e+01   5.0000000e+01   4.9151890e+01   3.4172798e+01   2.7453180e+01   2.2459384e+01
   2.4042834e+01   2.6962259e+01   3.6954667e+01   4.9116921e+01   5.0000000e+01   5.0000000e+01   5.0000000e+01   4.9235247e+01   3.5725154e+01   2.8550196e+01   2.1599345e+01
   2.1563250e+01   2.7808283e+01   3.2967157e+01   4.6361500e+01   5.0000000e+01   5.0000000e+01   5.0000000e+01   4.8872305e+01   3.7357976e+01   2.8801473e+01   2.2896625e+01
   2.3664132e+01   2.7317609e+01   3.1934832e+01   4.4221338e+01   5.0000000e+01   5.0000000e+01   4.8963157e+01   5.0000000e+01   4.1058372e+01   2.9887206e+01   2.4243743e+01
   2.0655613e+01   2.4088761e+01   3.0155116e+01   3.9243278e+01   4.8685276e+01   5.0000000e+01   4.9142897e+01   5.0000000e+01   4.1164824e+01   3.1099612e+01   2.4011826e+01
   2.1659018e+01   2.3921765e+01   3.1586381e+01   4.0635788e+01   4.9583589e+01   4.9431430e+01   4.9830126e+01   4.9284153e+01   4.3450350e+01   3.2553744e+01   2.6151435e+01
   2.1050971e+01   2.4936979e+01   2.8266087e+01   3.6952827e+01   5.0000000e+01   5.0000000e+01   4.9808332e+01   4.9719484e+01   4.7964778e+01   3.3073673e+01   2.6229167e+01
   2.0132171e+01   2.3501787e+01   2.9821598e+01   3.5016905e+01   4.9694861e+01   5.0000000e+01   4.9134185e+01   5.0000000e+01   4.7145771e+01   3.6119422e+01   2.7164651e+01
   2.2241312e+01   2.2589992e+01   2.5439931e+01   3.4103143e+01   4.7744798e+01   4.9494457e+01   5.0000000e+01   5.0000000e+01   4.9703652e+01   3.4895666e+01   2.8956156e+01
   1.9549142e+01   2.2019278e+01   2.5903761e+01   3.3215868e+01   4.7983225e+01   4.8806694e+01   5.0000000e+01   5.0000000e+01   4.8503081e+01   3.6804267e+01   2.8185046e+01
   1.6441580e+01   2.0492018e+01   2.4887699e+01   3.4200977e+01   4.9925429e+01   5.0000000e+01   4.9748831e+01   5.0000000e+01   4.9095166e+01   3.8332875e+01   3.0360346e+01
   1.6908955e+01   2.0823616e+01   2.4969995e+01   3.1780258e+01   4.7853301e+01   4.9646377e+01   4.9795430e+01   5.0000000e+01   4.9595818e+01   3.6006673e+01   2.7707806e+01
   1.6043966e+01   1.9532182e+01   2.5421029e+01   3.2302417e+01   4.6772330e+01   5.0000000e+01   4.7798478e+01   4.9618242e+01   4.9274202e+01   4.7652761e+01   2.9510188e+01
   2.1141451e+01   1.9852612e+01   2.5578503e+01   3.3445829e+01   4.7166598e+01   4.9207052e+01   4.9225487e+01   5.0000000e+01   4.9133515e+01   4.8286405e+01   2.9478311e+01
   1.7728964e+01   2.1703814e+01   2.3179571e+01   3.1843989e+01   4.9818157e+01   4.8449486e+01   4.8606727e+01   4.9700869e+01   4.9578153e+01   4.9762873e+01   2.9914456e+01
   1.6980076e+01   1.9855477e+01   2.5050818e+01   3.5367497e+01   4.9060465e+01   5.0000000e+01   4.9613765e+01   4.9100131e+01   4.9057334e+01   4.9380374e+01   2.9150770e+01
   1.7660939e+01   2.0043487e+01   2.7511858e+01   3.3995454e+01   4.9962467e+01   5.0000000e+01   5.0000000e+01   5.0000000e+01   5.0000000e+01   4.9279840e+01   4.8814998e+01
   1.8518798e+01   1.9715233e+01   2.4023023e+01   3.8328741e+01   4.8103696e+01   5.0000000e+01   5.0000000e+01   5.0000000e+01   4.9011565e+01   5.0000000e+01   2.4729987e+01
   1.7884192e+01   2.3223585e+01   3.0064525e+01   4.0944823e+01   4.7872023e+01   5.0000000e+01   5.0000000e+01   4.9812879e+01   5.0000000e+01   4.9341019e+01   5.0000000e+01
   1.8103925e+01   2.3293776e+01   3.1676779e+01   5.0000000e+01   4.8823077e+01   5.0000000e+01   5.0000000e+01   5.0000000e+01   4.9625563e+01   4.9369485e+01   5.0000000e+01
   2.0181994e+01   2.7609872e+01   3.7079174e+01   5.0000000e+01   4.9009468e+01   4.9251123e+01   5.0000000e+01   5.0000000e+01   4.8548259e+01   5.0000000e+01   5.0000000e+01
   2.3370297e+01   2.9752572e+01   4.2111579e+01   4.9644380e+01   4.8826968e+01   4.9063674e+01   5.0000000e+01   5.0000000e+01   4.9381318e+01   5.0000000e+01   4.9507822e+01
   2.6246243e+01   3.3925019e+01   4.9474065e+01   4.9041400e+01   4.5848733e+01   4.7663673e+01   5.0000000e+01   5.0000000e+01   5.0000000e+01   5.0000000e+01   5.0000000e+01
   3.1032800e+01   4.4957390e+01   4.5363931e+01   4.6698891e+01   4.6184624e+01   4.8258868e+01   5.0000000e+01   5.0000000e+01   5.0000000e+01   5.0000000e+01   4.9534253e+01
   3.8848884e+01   4.6568201e+01   4.5636255e+01   4.4157003e+01   4.2910001e+01   5.0000000e+01   5.0000000e+01   5.0000000e+01   5.0000000e+01   5.0000000e+01   5.0000000e+01
   4.4714236e+01   4.2888067e+01   3.9097131e+01   4.2411871e+01   4.3497804e+01   5.0000000e+01   4.8519695e+01   4.9225534e+01   5.0000000e+01   4.9425866e+01   4.9081230e+01
   4.0254389e+01   3.9272417e+01   4.0443478e+01   4.1436333e+01   5.0000000e+01   4.9226936e+01   5.0000000e+01   5.0000000e+01   5.0000000e+01   4.9804788e+01   4.8080533e+01
   3.8488457e+01   3.6639534e+01   3.9250122e+01   4.0050430e+01   4.9997773e+01   5.0000000e+01   4.9908461e+01   5.0000000e+01   4.8540958e+01   4.9949469e+01   4.9963557e+01
   3.5449457e+01   3.6076825e+01   3.6791344e+01   5.0000000e+01   5.0000000e+01   4.8871670e+01   4.9239748e+01   4.9465901e+01   4.9418290e+01   4.8244225e+01   4.8774874e+01
   3.5738586e+01   3.4976968e+01   4.8943027e+01   4.8833335e+01   4.9621843e+01   4.8575530e+01   4.9306405e+01   5.0000000e+01   4.8169851e+01   4.9742642e+01   4.8097566e+01
   3.3793667e+01   3.3543370e+01   4.9715859e+01   4.8145701e+01   4.8517324e+01   5.0000000e+01   5.0000000e+01   4.9823752e+01   4.9550897e+01   5.0000000e+01   5.0000000e+01
   3.0770346e+01   4.9738836e+01   4.9913310e+01   4.8859319e+01   4.9956181e+01   4.9222094e+01   4.9190262e+01   4.9756250e+01   5.0000000e+01   4.9429236e+01   4.9766654e+01
   3.0090936e+01   5.0000000e+01   4.8530605e+01   4.8906657e+01   5.0000000e+01   5.0000000e+01   4.8763182e+01   4.9102399e+01   5.0000000e+01   5.0000000e+01   5.0000000e+01
   4.8834156e+01   5.0000000e+01   5.0000000e+01   4.9566391e+01   5.0000000e+01   5.0000000e+01   5.0000000e+01   4.9207663e+01   5.0000000e+01   5.0000000e+01   5.0000000e+01
   4.8852047e+01   4.8749321e+01   4.9177707e+01   4.9831530e+01   4.9569794e+01   5.0000000e+01   5.0000000e+01   4.9047025e+01   5.0000000e+01   5.0000000e+01   4.8315241e+01
   5.0000000e+01   4.9052039e+01   4.9905759e+01   4.9781466e+01   4.8372677e+01   5.0000000e+01   5.0000000e+01   5.0000000e+01   4.7843509e+01   5.0000000e+01   5.0000000e+01
   5.0000000e+01   4.9258894e+01   5.0000000e+01   5.0000000e+01   5.0000000e+01   4.8394198e+01   5.0000000e+01   5.0000000e+01   5.0000000e+01   4.7098888e+01   5.0000000e+01
   5.0000000e+01   4.9492182e+01   4.9095346e+01   5.0000000e+01   5.0000000e+01   5.0000000e+01   4.9061753e+01   5.0000000e+01   5.0000000e+01   4.5717872e+01   4.9693011e+01
   4.9333109e+01   4.9679424e+01   4.9711744e+01   5.0000000e+01   4.9773050e+01   5.0000000e+01   5.0000000e+01   5.0000000e+01   4.9417369e+01   4.5595860e+01   4.7798273e+01
   5.0000000e+01   5.0000000e+01   5.0000000e+01   5.0000000e+01   4.8851088e+01   5.0000000e+01   5.0000000e+01   5.0000000e+01   5.0000000e+01   4.4273406e+01   4.5757279e+01
   4.9917506e+01   4.6970823e+01   4.8164141e+01   5.0000000e+01   5.0000000e+01   4.8459123e+01   5.0000000e+01   4.7500467e+01   5.0000000e+01   4.3143477e+01   4.5175128e+01
   4.8066977e+01   4.9542985e+01   5.0000000e+01   4.8716744e+01   4.7640476e+01   4.9796857e+01   4.9047932e+01   4.9832441e+01   5.0000000e+01   4.2115853e+01   4.2331940e+01
   4.9561034e+01   5.0000000e+01   5.0000000e+01   4.7671045e+01   4.9490028e+01   4.9500035e+01   5.0000000e+01   5.0000000e+01   4.0520817e+01   4.1637595e+01   4.1623541e+01
   4.8205321e+01   4.8933299e+01   5.0000000e+01   5.0000000e+01   4.8678374e+01   5.0000000e+01   5.0000000e+01   5.0000000e+01   3.8256046e+01   3.8797940e+01   4.1990777e+01
   5.0000000e+01   5.0000000e+01   5.0000000e+01   4.8164361e+01   4.9363872e+01   5.0000000e+01   4.8843999e+01   4.8695148e+01   3.6484244e+01   3.8370088e+01   4.3366785e+01
   4.9111968e+01   5.0000000e+01   5.0000000e+01   5.0000000e+01   5.0000000e+01   5.0000000e+01   5.0000000e+01   4.7230632e+01   3.4752009e+01   3.9123816e+01   4.1892020e+01
   5.0000000e+01   4.9970994e+01   4.8964015e+01   5.0000000e+01   5.0000000e+01   4.9636219e+01   4.9549401e+01   3.9390250e+01   3.4349810e+01   3.7606215e+01   4.2320766e+01
   4.9455471e+01   5.0000000e+01   5.0000000e+01   5.0000000e+01   4.9289265e+01   4.9400728e+01   5.0000000e+01   3.3271416e+01   3.5333781e+01   3.7942208e+01   4.5022281e+01
   5.0000000e+01   4.8434944e+01   5.0000000e+01   4.9930786e+01   5.0000000e+01   4.9410411e+01   3.6595048e+01   3.2563218e+01   3.6100577e+01   4.0833211e+01   4.8654644e+01
   4.9399673e+01   4.9915461e+01   5.0000000e+01   4.9492677e+01   5.0000000e+01   5.0000000e+01   3.0949352e+01   3.1725029e+01   3.7702837e+01   4.2573279e+01   5.0000000e+01
   5.0000000e+01   5.0000000e+01   4.9124126e+01   5.0000000e+01   5.0000000e+01   2.7977783e+01   3.0594092e+01   3.2103030e+01   3.7557544e+01   4.5134774e+01   5.0000000e+01
   5.0000000e+01   5.0000000e+01   5.0000000e+01   5.0000000e+01   3.4600262e+01   2.8288112e+01   3.1244569e+01   3.5858022e+01   4.0119827e+01   4.9637733e+01   4.9365593e+01
   5.0000000e+01   5.0000000e+01   4.9441706e+01   3.9648957e+01   2.9085602e+01   2.9001583e+01   3.2242125e+01   3.8746420e+01   4.7231982e+01   5.0000000e+01   5.0000000e+01
   4.9805876e+01   4.9265831e+01   4.9688571e+01   2.6229992e+01   2.8389923e+01   2.9500524e+01   3.5511846e+01   4.1988536e+01   4.9747228e+01   5.0000000e+01   4.9920766e+01
   4.7861645e+01   4.9969186e+01   2.8153131e+01   2.3808521e+01   3.1106463e+01   3.0702943e+01   3.6303576e+01   4.7255273e+01   5.0000000e+01   4.8601878e+01   5.0000000e+01
   4.9160411e+01   3.2957497e+01   2.3614836e+01   2.6107080e+01   2.9576963e+01   3.3575187e+01   4.2830929e+01   4.8663148e+01   5.0000000e+01   5.0000000e+01   4.8591788e+01
   5.0000000e+01   2.4764554e+01   2.4844042e+01   2.6792055e+01   3.1119613e+01   3.5489579e+01   4.8377735e+01   4.8526154e+01   5.0000000e+01   5.0000000e+01   5.0000000e+01
   2.2315618e+01   2.2768806e+01   2.5478398e+01   2.6168289e+01   3.1638590e+01   3.9604087e+01   5.0000000e+01   4.9958337e+01   4.8555061e+01   4.9889822e+01   5.0000000e+01
   2.3041651e+01   2.3201651e+01   2.4112720e+01   2.9215874e+01   3.3007894e+01   4.3339130e+01   4.9698793e+01   4.9384493e+01   4.9032306e+01   5.0000000e+01   4.2090819e+01
   2.2404589e+01   2.6725202e+01   2.5740118e+01   2.9007659e+01   3.5812689e+01   4.9590127e+01   4.9301346e+01   5.0000000e+01   5.0000000e+01   5.0000000e+01   3.6442721e+01
   2.2614702e+01   2.1574481e+01   2.5634764e+01   3.0942646e+01   3.8441284e+01   4.9288677e+01   5.0000000e+01   4.8544933e+01   4.9652122e+01   4.9292367e+01   3.2065800e+01
   2.0447809e+01   2.5285786e+01   2.7882233e+01   3.2716608e+01   4.0622563e+01   5.0000000e+01   4.9305395e+01   4.8257651e+01   5.0000000e+01   4.4577544e+01   3.0524072e+01
   2.1728551e+01   2.3939014e+01   2.7129588e+01   3.2280047e+01   4.7040729e+01   4.8153871e+01   4.9538117e+01   5.0000000e+01   5.0000000e+01   4.0649218e+01   2.9298794e+01
   2.0241646e+01   2.5155662e+01   2.8899172e+01   3.6437419e+01   4.7937054e+01   4.9601667e+01   5.0000000e+01   5.0000000e+01   4.9419202e+01   3.9551075e+01   2.9093876e+01
   2.4404433e+01   2.2074803e+01   2.6578024e+01   3.5787071e+01   4.9104887e+01   4.9456452e+01   5.0000000e+01   4.9197177e+01   5.0000000e+01   3.7568112e+01   2.7079068e+01
   2.1855005e+01   2.4464911e+01   2.8631964e+01   3.7936469e+01   4.9590672e+01   4.9088101e+01   5.0000000e+01   4.8734364e+01   5.0000000e+01   3.3990632e+01   2.7011893e+01
   2.2869966e+01   2.4336952e+01   3.0812297e+01   3.9329439e+01   4.9839113e+01   5.0000000e+01   5.0000000e+01   4.9850669e+01   5.0000000e+01   3.4855726e+01   2.6512050e+01
   1.9940507e+01   2.4570730e+01   2.9939313e+01   4.0242784e+01   5.0000000e+01   4.9265729e+01   4.9599103e+01   4.8363553e+01   4.7646022e+01   3.4872051e+01   2.6871651e+01
   2.0966470e+01   2.2969526e+01   3.1489897e+01   4.0148169e+01   4.9047364e+01   5.0000000e+01   4.9486152e+01   5.0000000e+01   4.5608826e+01   3.4458255e+01   2.5244953e+01
   2.1303730e+01   2.6563860e+01   3.0592867e+01   4.0669791e+01   5.0000000e+01   5.0000000e+01   5.0000000e+01   5.0000000e+01   4.3229815e+01   3.2952114e+01   2.4853030e+01
   2.3083389e+01   2.4203087e+01   3.2596414e+01   4.1901114e+01   5.0000000e+01   4.9843130e+01   4.9328810e+01   5.0000000e+01   4.5060484e+01   3.1184936e+01   2.8677646e+01
   2.1120132e+01   2.5881812e+01   3.1219514e+01   4.1379371e+01   5.0000000e+01   5.0000000e+01   5.0000000e+01   4.8090755e+01   4.2737048e+01   3.1286415e+01   2.8650600e+01
   2.3421356e+01   2.5834500e+01   3.3345397e+01   4.2737695e+01   4.9786830e+01   5.0000000e+01   5.0000000e+01   4.9463178e+01   4.0944199e+01   3.0901262e+01   5.0000000e+01
   1.9052009e+01   2.4837678e+01   3.2614938e+01   4.2484947e+01   4.9865521e+01   4.9919022e+01   5.0000000e+01   4.9697968e+01   4.3219562e+01   3.0279873e+01   2.6898586e+01
   2.2007339e+01   2.6873106e+01   3.1104852e+01   4.2662568e+01   4.8828644e+01   5.0000000e+01   5.0000000e+01   5.0000000e+01   4.1084415e+01   2.8774072e+01   2.3629384e+01
   2.0588357e+01   2.6958912e+01   2.9507639e+01   4.2123789e+01   4.8614737e+01   4.8737435e+01   5.0000000e+01   5.0000000e+01   4.1562243e+01   2.9790746e+01   2.5439296e+01
   2.0298655e+01   2.4504608e+01   3.1323017e+01   4.3021176e+01   5.0000000e+01   5.0000000e+01   5.0000000e+01   4.9942919e+01   4.3659101e+01   3.2253194e+01   2.5081004e+01
   2.1351665e+01   2.5572061e+01   3.1203712e+01   4.2433962e+01   4.9750511e+01   4.9010437e+01   4.9887563e+01   5.0000000e+01   4.3392925e+01   3.1645610e+01   2.6082291e+01
   2.1276068e+01   2.3492984e+01   3.1168465e+01   4.2199757e+01   5.0000000e+01   4.8171164e+01   4.8443406e+01   4.8955264e+01   4.5259507e+01   3.3952056e+01   2.5648842e+01
   2.1142350e+01   2.2199062e+01   2.8962194e+01   4.0709973e+01   4.9107339e+01   5.0000000e+01   5.0000000e+01   4.9651733e+01   4.2052685e+01   2.9446528e+01   2.6219697e+01
   1.9854243e+01   2.4484324e+01   3.0179550e+01   3.9279728e+01   5.0000000e+01   4.9937273e+01   5.0000000e+01   5.0000000e+01   4.5435001e+01   3.2808746e+01   5.0000000e+01
   2.1128291e+01   2.2455201e+01   2.7339890e+01   3.8993733e+01   5.0000000e+01   5.0000000e+01   4.9352088e+01   5.0000000e+01   4.7047400e+01   3.3376944e+01   2.5623066e+01
   2.0347942e+01   2.3341169e+01   2.8839156e+01   3.9796557e+01   5.0000000e+01   4.9636742e+01   5.0000000e+01   5.0000000e+01   4.7893699e+01   3.2310314e+01   2.6243291e+01
   1.8430561e+01   2.2224501e+01   2.8005904e+01   3.9115891e+01   4.9773080e+01   4.8979417e+01   5.0000000e+01   5.0000000e+01   4.5131674e+01   3.4435172e+01   2.9208199e+01
   1.9905154e+01   2.2764852e+01   2.9093732e+01   3.7817808e+01   4.9837498e+01   4.6927011e+01   5.0000000e+01   4.9413874e+01   4.6418315e+01   3.3793359e+01   2.9342551e+01
   5.0000000e+01   4.9973946e+01   4.9348083e+01   4.2575564e+01   4.0707508e+01   4.2320185e+01   4.9208519e+01   4.9976048e+01   5.0000000e+01   5.0000000e+01   4.9678049e+01
   5.0000000e+01   4.9343001e+01   5.0000000e+01   4.0505379e+01   3.7690912e+01   3.9464137e+01   5.0000000e+01   4.8636168e+01   4.8377700e+01   4.9985111e+01   4.9199126e+01
   4.9892081e+01   5.0000000e+01   3.8729520e+01   3.8627178e+01   3.6777760e+01   3.7163043e+01   5.0000000e+01   5.0000000e+01   4.9305852e+01   4.9002548e+01   4.9334258e+01
   4.9422842e+01   4.9489166e+01   3.5044318e+01   3.3147306e+01   3.5691904e+01   5.0000000e+01   5.0000000e+01   4.9845925e+01   5.0000000e+01   4.8400472e+01   4.8348064e+01
   5.0000000e+01   3.4074665e+01   3.1581329e+01   3.1283081e+01   3.3337846e+01   5.0000000e+01   4.9513813e+01   4.9204793e+01   4.9305422e+01   5.0000000e+01   5.0000000e+01
   3.4384931e+01   3.2711364e+01   3.0073490e+01   3.2402084e+01   5.0000000e+01   4.9578338e+01   4.9316146e+01   4.9418427e+01   5.0000000e+01   5.0000000e+01   5.0000000e+01
   3.1462918e+01   3.0791009e+01   2.8894330e+01   5.0000000e+01   5.0000000e+01   5.0000000e+01   4.9532575e+01   4.9502336e+01   4.9784731e+01   5.0000000e+01   4.9873081e+01
   2.9252888e+01   2.8234985e+01   2.7765150e+01   4.8237270e+01   5.0000000e+01   4.9635719e+01   4.8889419e+01   5.0000000e+01   5.0000000e+01   4.9913954e+01   5.0000000e+01
   2.7872871e+01   2.6312704e+01   4.7053122e+01   4.7992983e+01   4.7297324e+01   5.0000000e+01   4.9477459e+01   5.0000000e+01   5.0000000e+01   5.0000000e+01   4.8457141e+01
   2.5989526e+01   3.0269218e+01   4.7524074e+01   4.7244982e+01   4.6637236e+01   4.9728129e+01   4.9957248e+01   4.9234415e+01   4.7137806e+01   4.7761826e+01   4.7370509e+01
   2.7077320e+01   4.5069303e+01   4.7874099e+01   4.5118568e+01   4.7716432e+01   4.8427633e+01   4.6201459e+01   4.8759802e+01   4.5005292e+01   4.6308911e+01   4.3992543e+01
   4.3660194e+01   4.5144978e+01   4.4635065e+01   4.6110882e+01   4.6133479e+01   4.6337299e+01   4.4438338e+01   4.4336726e+01   4.6365026e+01   4.6746447e+01   3.2536315e+01
   4.4609109e+01   4.3053291e+01   4.4746365e+01   4.4607516e+01   4.3855795e+01   4.6715649e+01   4.5243866e+01   4.5065853e+01   4.2628660e+01   4.5804359e+01   2.5777543e+01
   4.2242988e+01   4.4692124e+01   4.4243031e+01   4.3019026e+01   4.2356043e+01   4.1840401e+01   4.4015615e+01   4.0976377e+01   4.3760494e+01   3.8701553e+01   2.5044754e+01
   4.3873974e+01   4.3081693e+01   4.3170854e+01   4.2210650e+01   4.3643789e+01   4.2710294e+01   4.1029548e+01   4.3355369e+01   4.4109926e+01   3.3470177e+01   2.3871801e+01
   3.7270480e+01   4.1682141e+01   4.1324572e+01   4.1659488e+01   4.2090546e+01   4.1993279e+01   4.1284335e+01   4.0401150e+01   3.9949195e+01   2.4221575e+01   2.1658969e+01
   4.0631042e+01   4.0827415e+01   4.0158450e+01   3.7682381e+01   4.1282865e+01   3.9298540e+01   4.0619135e+01   4.1338652e+01   3.5338306e+01   2.2443324e+01   2.0091323e+01
   3.8590208e+01   4.1469765e+01   3.8015748e+01   3.7397255e+01   3.8116360e+01   3.7615188e+01   3.9681251e+01   3.9524542e+01   3.3712945e+01   1.9829196e+01   2.0371074e+01
   3.6882060e+01   3.9635857e+01   3.7334626e+01   3.5829735e+01   3.7763183e+01   3.5209975e+01   3.4430992e+01   3.8084455e+01   2.7768529e+01   1.8990135e+01   1.8605081e+01
   3.7570416e+01   3.6349591e+01   3.7439457e+01   3.5916502e+01   3.5765577e+01   3.2540766e+01   3.5047710e+01   3.4924044e+01   2.6173170e+01   1.9552528e+01   1.9832725e+01
   3.6845818e+01   3.4545806e+01   3.4852514e+01   3.5699250e+01   3.4118239e+01   3.4463536e+01   3.4233687e+01   3.6543237e+01   2.4597341e+01   1.7576460e+01   1.6703674e+01
   3.7286610e+01   3.2757181e+01   3.4106377e+01   3.6503019e+01   3.2418963e+01   3.4159344e+01   3.4088711e+01   3.1321585e+01   2.2741136e+01   1.8502511e+01   1.7054788e+01
   3.4500471e+01   3.5041076e+01   3.2814433e+01   3.3244825e+01   3.1138143e+01   3.1835229e+01   3.2530423e+01   3.1672924e+01   2.1740491e+01   1.6793248e+01   1.6747839e+01
   3.3775447e+01   3.2229461e+01   3.2349651e+01   3.0207142e+01   3.1137702e+01   3.3897140e+01   3.1146655e+01   3.3776519e+01   2.4212230e+01   1.5054014e+01   1.3258690e+01
   3.2303162e+01   3.1940752e+01   2.9992781e+01   2.8688808e+01   2.7524324e+01   5.0000000e+01   3.3314290e+01   2.5912724e+01   2.1021889e+01   1.7484295e+01   1.5155805e+01
   3.2416588e+01   3.0401145e+01   2.9483600e+01   2.8481531e+01   2.8083801e+01   2.7818678e+01   2.9291032e+01   3.3177408e+01   5.0000000e+01   1.6980216e+01   1.3697704e+01
   3.0993584e+01   2.7289884e+01   2.8830074e+01   2.7962681e+01   2.7057278e+01   2.7835364e+01   2.8333948e+01   3.0101490e+01   2.0281939e+01   1.8462702e+01   1.2742894e+01
   2.9111832e+01   2.9952517e+01   2.7250948e+01   2.5605136e+01   2.7239919e+01   2.6975526e+01   2.7071352e+01   3.0222746e+01   2.3072258e+01   1.6313427e+01   1.4045747e+01
   2.8180859e+01   2.7638070e+01   2.6965829e+01   2.4892671e+01   2.4732879e+01   2.6022242e+01   2.3994706e+01   2.6845722e+01   2.0783944e+01   1.6964355e+01   1.3621574e+01
   2.9481725e+01   2.8317923e+01   2.4023348e+01   2.5126519e+01   2.2384119e+01   2.4012881e+01   2.3818175e+01   2.6508178e+01   2.1541727e+01   1.6067889e+01   1.5521848e+01
   2.6816884e+01   5.0000000e+01   2.5493860e+01   2.4167859e+01   2.3882618e+01   2.1770531e+01   2.4473685e+01   2.5126861e+01   2.6490914e+01   1.8714212e+01   1.4934307e+01
   2.7725596e+01   2.5524123e+01   2.4850867e+01   2.4149130e+01   2.1719326e+01   1.9751198e+01   2.3265821e+01   2.3907529e+01   2.3133437e+01   2.1616345e+01   1.6936835e+01
   2.6401114e+01   2.5321981e+01   2.3852607e+01   2.2974554e+01   2.3123935e+01   2.0491103e+01   2.0012992e+01   2.0853918e+01   2.4645761e+01   2.4833278e+01   2.0897366e+01
   2.7120186e+01   2.5295645e+01   2.3362317e+01   2.2393823e+01   2.1652964e+01   1.9458590e+01   2.1713760e+01   2.0795941e+01   1.9562833e+01   2.1191821e+01   2.5363670e+01
   3.0116304e+01   2.6357965e+01   2.3794571e+01   2.3826777e+01   2.2261698e+01   2.1528407e+01   2.0028563e+01   2.0014105e+01   2.0912777e+01   1.9448939e+01   2.3200708e+01
   3.1203219e+01   2.7276930e+01   2.3974042e+01   2.3103460e+01   2.4174659e+01   2.1326472e+01   2.0271634e+01   1.9728507e+01   2.0137692e+01   1.9532608e+01   2.0518358e+01
   3.4844509e+01   3.0921279e+01   2.9399084e+01   2.6276008e+01   2.4090665e+01   1.9977405e+01   2.0903806e+01   1.9762663e+01   1.9142916e+01   1.8448827e+01   1.8086233e+01
   3.4828553e+01   3.3120757e+01   3.1393609e+01   2.6812669e+01   2.7040587e+01   2.4320982e+01   2.1028090e+01   2.0922328e+01   2.0325137e+01   1.9253522e+01   1.6541252e+01
   4.2045467e+01   3.7813100e+01   3.0657788e+01   3.1674275e+01   2.8511214e+01   2.6211198e+01   2.2068203e+01   2.0733406e+01   1.9411367e+01   2.1825381e+01   1.8202208e+01
   3.7231775e+01   4.1960507e+01   3.6528810e+01   3.1404323e+01   3.3247858e+01   2.8925951e+01   2.6356900e+01   2.1924214e+01   2.1095655e+01   2.0129001e+01   1.9964456e+01
   3.4557809e+01   3.7144783e+01   3.9567317e+01   3.7788143e+01   3.1846891e+01   2.9270041e+01   2.5851039e+01   2.5184315e+01   2.4041826e+01   2.1223503e+01   2.0365055e+01
   3.4965144e+01   3.5051304e+01   3.9204286e+01   3.9227107e+01   3.1631545e+01   3.0511009e+01   2.7809497e+01   2.5986523e+01   2.4155743e+01   2.0388034e+01   2.1846682e+01
   3.1885954e+01   3.3756561e+01   3.7878580e+01   3.8596217e+01   3.6687349e+01   3.0748059e+01   2.9000675e+01   2.6398212e+01   2.2127353e+01   2.4249739e+01   2.1695046e+01
   2.7488561e+01   3.1305217e+01   3.4941941e+01   3.8503368e+01   3.8402686e+01   3.1500769e+01   3.0355446e+01   2.8655535e+01   2.3994109e+01   2.1804106e+01   2.1759110e+01
   3.0437182e+01   3.0954086e+01   3.3809240e+01   3.4406099e+01   3.4681485e+01   3.2678966e+01   2.5102264e+01   2.8313612e+01   2.5517863e+01   2.2570145e+01   2.1087354e+01
   2.9028793e+01   2.8833032e+01   3.2804879e+01   3.3422429e+01   3.5320590e+01   3.2474637e+01   2.9488006e+01   2.8257157e+01   2.3563828e+01   2.2447333e+01   2.0948391e+01
   2.8717481e+01   2.7329589e+01   2.7703547e+01   3.3174671e+01   3.5833672e+01   3.1490073e+01   2.6170732e+01   2.6497929e+01   2.4102893e+01   2.2836053e+01   2.0720627e+01
   2.7480176e+01   2.7275624e+01   2.8734191e+01   3.1308290e+01   3.5007353e+01   3.3104084e+01   2.9091836e+01   2.5596417e+01   2.1342605e+01   2.2320275e+01   2.0151209e+01
   2.8810306e+01   2.5891313e+01   2.7500019e+01   2.9543175e+01   3.1749110e+01   2.7677293e+01   2.8956236e+01   2.4428611e+01   2.1545173e+01   2.0844726e+01   1.9203602e+01
   3.1053148e+01   2.4794109e+01   2.5624446e+01   2.7264788e+01   2.7621265e+01   2.9956829e+01   2.9489206e+01   2.3228602e+01   1.9572988e+01   1.9660879e+01   2.0913757e+01
   2.5858546e+01   2.3836945e+01   2.5056911e+01   2.6387468e+01   2.7044885e+01   3.1634167e+01   2.4418364e+01   2.3120200e+01   2.0564496e+01   2.0084153e+01   1.9240882e+01
   2.5075288e+01   2.3100025e+01   2.3165776e+01   2.4236058e+01   2.7296984e+01   2.9185280e+01   2.7924854e+01   2.4458570e+01   2.2393906e+01   1.6409666e+01   1.7001212e+01
   2.3917270e+01   2.2763362e+01   2.3220856e+01   2.3562721e+01   2.3074845e+01   2.7826695e+01   2.5646367e+01   2.4908131e+01   2.2684465e+01   1.9406437e+01   1.6509207e+01
   3.5752443e+01   5.0000000e+01   2.0490480e+01   2.2652511e+01   2.1389902e+01   2.3651248e+01   2.6620560e+01   2.3526116e+01   2.0399055e+01   1.9170503e+01   1.6107091e+01
   3.5348187e+01   1.9381736e+01   1.9570282e+01   1.8991789e+01   2.3052705e+01   2.2523117e+01   2.5064259e+01   2.3170942e+01   2.1924868e+01   1.9878575e+01   1.7549490e+01
   4.9821496e+01   1.8226229e+01   1.9199698e+01   1.8591502e+01   2.0138528e+01   1.9465953e+01   2.2163883e+01   2.2618498e+01   2.1423730e+01   2.0236251e+01   1.7291600e+01
   5.0000000e+01   2.0447700e+01   1.6346546e+01   1.8453242e+01   1.7084156e+01   1.9701407e+01   1.9301360e+01   2.1855780e+01   2.2194220e+01   2.2346081e+01   1.8934009e+01
   4.9690101e+01   4.8802140e+01   1.7669901e+01   1.6432139e+01   1.8649922e+01   1.8288213e+01   1.6990746e+01   2.0164054e+01   2.1808717e+01   1.9912403e+01   2.0711219e+01
   4.9605630e+01   4.9435606e+01   4.9598095e+01   1.5794132e+01   1.7284454e+01   1.8111586e+01   1.6427092e+01   1.6829773e+01   1.8565662e+01   1.7740649e+01   2.0800971e+01
   4.9730261e+01   5.0000000e+01   5.0000000e+01   5.0000000e+01   1.6184492e+01   1.4795944e+01   1.6653887e+01   1.6017991e+01   1.6028590e+01   1.6308768e+01   1.7770002e+01
   4.9911870e+01   5.0000000e+01   5.0000000e+01   5.0000000e+01   5.0000000e+01   4.9940691e+01   1.6757015e+01   1.4538051e+01   1.4691717e+01   1.5798156e+01   1.2841256e+01
   5.0000000e+01   4.9504464e+01   5.0000000e+01   4.9089224e+01   4.9629260e+01   5.0000000e+01   5.0000000e+01   5.0000000e+01   1.4657256e+01   1.3852550e+01   1.3071798e+01
   5.0000000e+01   4.9793182e+01   4.9361310e+01   4.8947322e+01   5.0000000e+01   5.0000000e+01   5.0000000e+01   4.7742796e+01   5.0000000e+01   1.5518668e+01   1.3358909e+01
   4.8776757e+01   4.9844204e+01   4.9595119e+01   5.0000000e+01   4.8737934e+01   4.7609852e+01   4.9854106e+01   4.8977877e+01   5.0000000e+01   5.0000000e+01   1.5543584e+01
   4.8928249e+01   4.9724602e+01   5.0000000e+01   4.9311162e+01   4.9591466e+01   4.8323446e+01   4.8861628e+01   4.9828115e+01   5.0000000e+01   5.0000000e+01   5.0000000e+01
   4.1145358e+01   4.7556751e+01   4.9950377e+01   4.8801701e+01   5.0000000e+01   5.0000000e+01   5.0000000e+01   5.0000000e+01   4.9833233e+01   4.8920951e+01   5.0000000e+01
   3.8896731e+01   4.9572677e+01   4.9797424e+01   4.9752542e+01   4.9920466e+01   5.0000000e+01   4.9693415e+01   5.0000000e+01   4.9540954e+01   4.9153915e+01   5.0000000e+01
   3.5248761e+01   5.0000000e+01   4.9802466e+01   4.9155266e+01   5.0000000e+01   4.9795226e+01   5.0000000e+01   4.9360376e+01   5.0000000e+01   4.8170004e+01   5.0000000e+01
   3.7605142e+01   5.0000000e+01   5.0000000e+01   5.0000000e+01   5.0000000e+01   5.0000000e+01   5.0000000e+01   4.9395053e+01   4.8697697e+01   5.0000000e+01   4.9173425e+01
   3.8293094e+01   4.8537372e+01   4.8267792e+01   5.0000000e+01   4.9573641e+01   5.0000000e+01   4.9507153e+01   4.9714845e+01   4.9588476e+01   5.0000000e+01   5.0000000e+01
   3.8766218e+01   4.9364458e+01   5.0000000e+01   4.8299047e+01   4.8904175e+01   5.0000000e+01   4.9517740e+01   5.0000000e+01   5.0000000e+01   4.9628499e+01   5.0000000e+01
   4.9592133e+01   4.9614527e+01   4.9280719e+01   5.0000000e+01   5.0000000e+01   4.9544473e+01   4.9740807e+01   5.0000000e+01   5.0000000e+01   5.0000000e+01   5.0000000e+01
   4.8712094e+01   4.9057722e+01   4.9726634e+01   5.0000000e+01   4.9562600e+01   4.9522806e+01   5.0000000e+01   5.0000000e+01   5.0000000e+01   4.9768439e+01   5.0000000e+01
   5.0000000e+01   4.9326227e+01   5.0000000e+01   5.0000000e+01   5.0000000e+01   4.9743870e+01   5.0000000e+01   4.9228068e+01   5.0000000e+01   5.0000000e+01   4.8544396e+01
   5.0000000e+01   4.8075756e+01   4.9063549e+01   5.0000000e+01   5.0000000e+01   5.0000000e+01   4.9127105e+01   5.0000000e+01   5.0000000e+01   5.0000000e+01   4.8711285e+01
   5.0000000e+01   4.9887582e+01   5.0000000e+01   4.9111625e+01   4.8431204e+01   4.9829353e+01   5.0000000e+01   5.0000000e+01   5.0000000e+01   5.0000000e+01   4.9633895e+01
   4.8913632e+01   4.9481491e+01   4.9925457e+01   4.8117750e+01   4.9052665e+01   5.0000000e+01   4.9784568e+01   4.8355992e+01   5.0000000e+01   5.0000000e+01   5.0000000e+01
   5.0000000e+01   5.0000000e+01   4.8601193e+01   4.8876686e+01   5.0000000e+01   4.9660319e+01   5.0000000e+01   5.0000000e+01   4.8584143e+01   5.0000000e+01   4.9410593e+01
   4.9856692e+01   5.0000000e+01   5.0000000e+01   5.0000000e+01   4.9584858e+01   4.9284144e+01   5.0000000e+01   5.0000000e+01   4.8319140e+01   4.9085941e+01   4.8431171e+01
   5.0000000e+01   5.0000000e+01   5.0000000e+01   5.0000000e+01   4.9849817e+01   5.0000000e+01   4.9465788e+01   4.8802215e+01   5.0000000e+01   4.9535252e+01   5.0000000e+01
   5.0000000e+01   5.0000000e+01   5.0000000e+01   5.0000000e+01   5.0000000e+01   5.0000000e+01   4.9740800e+01   4.9362919e+01   5.0000000e+01   5.0000000e+01   4.9547439e+01
   4.9462816e+01   5.0000000e+01   4.9434018e+01   5.0000000e+01   5.0000000e+01   5.0000000e+01   5.0000000e+01   4.8983242e+01   5.0000000e+01   4.9642957e+01   5.0000000e+01
   4.9771068e+01   4.8761959e+01   4.9983862e+01   5.0000000e+01   5.0000000e+01   4.7614809e+01   5.0000000e+01   5.0000000e+01   5.0000000e+01   4.9436143e+01   5.0000000e+01
   4.9463780e+01   5.0000000e+01   5.0000000e+01   5.0000000e+01   4.7990313e+01   4.7134030e+01   5.0000000e+01   4.9443486e+01   5.0000000e+01   5.0000000e+01   4.8694743e+01
   5.0000000e+01   5.0000000e+01   5.0000000e+01   4.6957242e+01   4.5874116e+01   4.8166475e+01   4.9436239e+01   5.0000000e+01   4.9514878e+01   4.9492365e+01   5.0000000e+01
   4.9488900e+01   4.9904527e+01   4.9610659e+01   4.5080636e+01   4.4805007e+01   5.0000000e+01   4.8711176e+01   4.8355240e+01   4.9366371e+01   5.0000000e+01   5.0000000e+01
   4.8393165e+01   5.0000000e+01   4.4154183e+01   4.3587805e+01   4.5233484e+01   5.0000000e+01   5.0000000e+01   4.8177448e+01   5.0000000e+01   4.9816629e+01   4.9314268e+01
   4.9798757e+01   4.4786473e+01   4.2696509e+01   4.2136659e+01   4.8825018e+01   5.0000000e+01   5.0000000e+01   5.0000000e+01   4.9282979e+01   4.9564198e+01   4.9305683e+01
   5.0000000e+01   4.4066946e+01   4.0889761e+01   4.5264856e+01   5.0000000e+01   5.0000000e+01   4.7487449e+01   5.0000000e+01   5.0000000e+01   5.0000000e+01   5.0000000e+01
   4.3781852e+01   3.9920655e+01   3.9434922e+01   5.0000000e+01   5.0000000e+01   5.0000000e+01   5.0000000e+01   5.0000000e+01   5.0000000e+01   5.0000000e+01   4.8962153e+01
   4.0079055e+01   3.7209554e+01   3.6429895e+01   4.8089333e+01   4.8723160e+01   5.0000000e+01   5.0000000e+01   4.9168083e+01   4.9364568e+01   4.8026293e+01   4.9318309e+01
   3.8646340e+01   3.3279500e+01   4.8313533e+01   4.9084643e+01   5.0000000e+01   4.9943339e+01   4.9811563e+01   4.5834207e+01   4.9626497e+01   4.9660943e+01   5.0000000e+01
   3.3548316e+01   3.8770162e+01   5.0000000e+01   5.0000000e+01   5.0000000e+01   4.9961499e+01   4.9355808e+01   4.4507249e+01   5.0000000e+01   4.8921387e+01   4.9656171e+01
   3.2529646e+01   4.3378987e+01   4.9898522e+01   4.8256536e+01   4.8815699e+01   5.0000000e+01   4.2259416e+01   4.4437329e+01   5.0000000e+01   5.0000000e+01   5.0000000e+01
   3.4284347e+01   4.9507442e+01   5.0000000e+01   5.0000000e+01   4.9928223e+01   5.0000000e+01   3.8096884e+01   4.5170635e+01   5.0000000e+01   4.9282535e+01   4.9511187e+01
   4.2268539e+01   5.0000000e+01   4.9632788e+01   4.9515898e+01   5.0000000e+01   4.3876205e+01   3.8991116e+01   4.4085367e+01   5.0000000e+01   4.9985841e+01   4.8456338e+01
   4.9655660e+01   5.0000000e+01   4.7636225e+01   5.0000000e+01   4.9506479e+01   3.6494157e+01   3.9804088e+01   4.4485886e+01   4.8985270e+01   5.0000000e+01   4.9521557e+01
   5.0000000e+01   5.0000000e+01   5.0000000e+01   4.8823722e+01   4.1079894e+01   3.3300302e+01   3.9410451e+01   4.9522768e+01   5.0000000e+01   5.0000000e+01   4.9438465e+01
   5.0000000e+01   5.0000000e+01   4.8600979e+01   4.9447265e+01   3.5250443e+01   3.4955255e+01   4.1746959e+01   5.0000000e+01   4.8463795e+01   5.0000000e+01   5.0000000e+01
   5.0000000e+01   5.0000000e+01   5.0000000e+01   3.8002440e+01   3.1905708e+01   3.6279098e+01   5.0000000e+01   5.0000000e+01   5.0000000e+01   4.8401880e+01   4.9496953e+01
   4.8928923e+01   5.0000000e+01   4.2940622e+01   3.2953785e+01   3.3873060e+01   5.0000000e+01   4.9406704e+01   5.0000000e+01   5.0000000e+01   5.0000000e+01   5.0000000e+01
   4.9794845e+01   4.6281939e+01   3.1713888e+01   2.9626282e+01   3.5528283e+01   4.9224159e+01   5.0000000e+01   5.0000000e+01   5.0000000e+01   5.0000000e+01   4.4256624e+01
   4.9445557e+01   3.4118996e+01   2.7599597e+01   3.1364559e+01   3.6283756e+01   4.9914666e+01   5.0000000e+01   5.0000000e+01   4.9074277e+01   5.0000000e+01   4.0824195e+01
   3.9214275e+01   2.9331780e+01   3.0925747e+01   3.2364395e+01   4.9618559e+01   5.0000000e+01   4.9957194e+01   5.0000000e+01   5.0000000e+01   5.0000000e+01   3.2049107e+01
   2.8275580e+01   2.6331430e+01   3.0452916e+01   3.5478231e+01   4.8968273e+01   5.0000000e+01   5.0000000e+01   5.0000000e+01   5.0000000e+01   4.2573855e+01   3.1143406e+01
   2.4556328e+01   2.5885848e+01   2.9110259e+01   4.9670289e+01   4.9179749e+01   4.9149750e+01   4.8727798e+01   5.0000000e+01   4.9288138e+01   4.2376918e+01   2.8697647e+01
   2.4966301e+01   2.8533234e+01   4.9305117e+01   4.8390987e+01   4.8976489e+01   4.9250618e+01   5.0000000e+01   4.9566957e+01   4.8665697e+01   3.4899483e+01   2.6536531e+01
   2.4917197e+01   2.6731595e+01   4.9819607e+01   5.0000000e+01   4.9394835e+01   4.9198211e+01   4.9073256e+01   5.0000000e+01   5.0000000e+01   3.4405171e+01   2.6104190e+01
   2.4835226e+01   2.8749854e+01   5.0000000e+01   5.0000000e+01   5.0000000e+01   4.9560751e+01   4.9278238e+01   4.8316483e+01   4.9109906e+01   3.1883405e+01   2.3814385e+01
   2.5132488e+01   5.0000000e+01   5.0000000e+01   4.9644128e+01   5.0000000e+01   5.0000000e+01   4.8962416e+01   4.9086307e+01   4.8595728e+01   3.2895400e+01   2.4832346e+01
   2.3300886e+01   5.0000000e+01   5.0000000e+01   5.0000000e+01   4.9450645e+01   4.8365873e+01   4.8672484e+01   4.9214280e+01   4.6047498e+01   3.1449793e+01   2.4671137e+01
   2.5923230e+01   4.8396666e+01   5.0000000e+01   5.0000000e+01   4.9695860e+01   4.8036738e+01   4.6237524e+01   4.6584655e+01   4.5120934e+01   3.0543813e+01   2.2594837e+01
   5.0000000e+01   4.7637948e+01   5.0000000e+01   4.9362822e+01   4.7598685e+01   4.6148084e+01   4.5283124e+01   4.5232152e+01   4.3830846e+01   3.0364250e+01   2.1658909e+01
   2.3423810e+01   4.9298300e+01   4.8351032e+01   4.9405173e+01   4.6115846e+01   4.4464988e+01   4.1528996e+01   4.4086159e+01   4.6452636e+01   3.0529936e+01   2.5571051e+01
   4.8580258e+01   5.0000000e+01   5.0000000e+01   4.7536208e+01   4.5342488e+01   4.4206472e+01   4.2938334e+01   4.3088958e+01   4.3710150e+01   2.9271765e+01   2.6540826e+01
   4.9796364e+01   5.0000000e+01   4.9501957e+01   4.6728140e+01   4.4615817e+01   4.3454469e+01   4.0861294e+01   4.0637245e+01   3.8925040e+01   3.5737815e+01   2.9684808e+01
   5.0000000e+01   4.9848247e+01   4.9572227e+01   4.6293318e+01   4.2226462e+01   4.2194579e+01   3.8109749e+01   4.0845618e+01   3.9899544e+01   4.1244491e+01   2.7599214e+01
   5.0000000e+01   4.9844111e+01   4.9849126e+01   4.6095864e+01   4.2263112e+01   3.5669701e+01   3.5140816e+01   3.6912244e+01   4.0444273e+01   3.9874385e+01   3.3531915e+01
   5.0000000e+01   5.0000000e+01   4.7109190e+01   4.1634721e+01   4.0563943e+01   3.9157984e+01   3.7064804e+01   3.6283325e+01   3.6262314e+01   3.3747831e+01   3.7548104e+01
   5.0000000e+01   5.0000000e+01   4.9265458e+01   4.6860194e+01   3.8791881e+01   3.6128100e+01   3.7782979e+01   3.4163340e+01   3.2661339e+01   3.4589198e+01   3.5851583e+01
   5.0000000e+01   5.0000000e+01   5.0000000e+01   4.6894273e+01   4.0563329e+01   3.5518514e+01   3.5239957e+01   3.3668233e+01   3.4537330e+01   3.1755217e+01   3.4424779e+01
   5.0000000e+01   4.7909498e+01   5.0000000e+01   4.7688771e+01   4.0212919e+01   3.5624046e+01   3.6056866e+01   3.1971171e+01   3.2926008e+01   3.2090696e+01   3.3030247e+01
   5.0000000e+01   4.9825965e+01   4.9484094e+01   4.8411519e+01   4.1313226e+01   3.5062003e+01   3.3852636e+01   2.9697096e+01   3.2866568e+01   3.2891106e+01   2.9558966e+01
   4.9674903e+01   5.0000000e+01   4.9659142e+01   4.9742788e+01   4.4731310e+01   3.6699286e+01   3.1795737e+01   3.0580536e+01   3.0004613e+01   3.0983105e+01   3.0839090e+01
   5.0000000e+01   4.9139973e+01   5.0000000e+01   4.9930440e+01   4.5510400e+01   3.9968286e+01   3.3445455e+01   3.0842655e+01   2.9743704e+01   2.8563229e+01   2.7059880e+01
   5.0000000e+01   4.9977051e+01   4.9302611e+01   5.0000000e+01   4.5955354e+01   3.7928827e+01   3.3013261e+01   3.1130872e+01   2.8986494e+01   2.7910132e+01   2.5881141e+01
   4.9938472e+01   4.9397683e+01   4.9417003e+01   4.9563499e+01   5.0000000e+01   4.2138434e+01   3.2501195e+01   3.0852123e+01   2.9472093e+01   2.5995619e+01   2.6133188e+01
   5.0000000e+01   5.0000000e+01   4.9813875e+01   5.0000000e+01   5.0000000e+01   3.9115428e+01   3.3683928e+01   3.2411072e+01   2.6612977e+01   5.0000000e+01   2.5719870e+01
   4.3752584e+01   4.9429188e+01   5.0000000e+01   5.0000000e+01   5.0000000e+01   4.2892708e+01   3.6154454e+01   2.9658236e+01   2.8587457e+01   2.6790386e+01   2.4293637e+01
   3.6923695e+01   5.0000000e+01   4.9978959e+01   5.0000000e+01   4.9090366e+01   4.4381417e+01   3.4525785e+01   3.2373320e+01   2.7520056e+01   2.3642429e+01   2.4559692e+01
   3.4808678e+01   4.9957356e+01   4.9920239e+01   4.9769451e+01   4.9352925e+01   4.6971638e+01   3.3583429e+01   3.1033089e+01   2.5118469e+01   2.5235787e+01   2.3834889e+01
   3.2590068e+01   5.0000000e+01   4.9164485e+01   5.0000000e+01   5.0000000e+01   4.6520741e+01   3.5150047e+01   3.2029903e+01   2.7226329e+01   2.4120043e+01   2.3849373e+01
   2.9792960e+01   5.0000000e+01   5.0000000e+01   5.0000000e+01   5.0000000e+01   5.0000000e+01   3.8535902e+01   3.1237244e+01   2.7104466e+01   2.2576276e+01   2.2138465e+01
   2.7293039e+01   4.6772250e+01   5.0000000e+01   4.9378201e+01   4.9973620e+01   4.8517065e+01   4.1192356e+01   3.2940669e+01   2.5491761e+01   2.5468595e+01   2.2822766e+01
   3.0669007e+01   4.3139060e+01   5.0000000e+01   4.9988513e+01   5.0000000e+01   4.9149934e+01   4.2875639e+01   3.0102719e+01   2.8338428e+01   2.4901082e+01   2.1265525e+01
   2.8595530e+01   3.8940989e+01   5.0000000e+01   4.9410281e+01   4.9872201e+01   4.8930775e+01   4.4664619e+01   3.3331801e+01   2.4998682e+01   2.4576350e+01   2.2610677e+01
   2.5282623e+01   4.0136144e+01   5.0000000e+01   5.0000000e+01   5.0000000e+01   5.0000000e+01   4.6291140e+01   5.0000000e+01   2.7881868e+01   2.3059979e+01   1.9744466e+01
   2.6091676e+01   3.5337572e+01   5.0000000e+01   5.0000000e+01   5.0000000e+01   5.0000000e+01   4.6997049e+01   3.2527088e+01   2.8449234e+01   2.0400265e+01   1.9548474e+01
   2.9177065e+01   3.6800963e+01   4.9568367e+01   4.9812966e+01   5.0000000e+01   5.0000000e+01   4.9667452e+01   3.4315989e+01   2.8810707e+01   2.2047604e+01   2.0375761e+01
   2.7864031e+01   3.4630233e+01   5.0000000e+01   4.9269239e+01   4.9672921e+01   4.8244298e+01   4.7551129e+01   3.3929687e+01   2.9061116e+01   2.3731710e+01   2.0598547e+01
   2.7145426e+01   3.2960186e+01   4.9406110e+01   5.0000000e+01   4.9968615e+01   5.0000000e+01   4.8208433e+01   3.7709670e+01   2.7185901e+01   2.2160285e+01   1.8290611e+01
   2.9010656e+01   3.2847209e+01   4.7684535e+01   5.0000000e+01   4.8491685e+01   4.9345899e+01   4.9166644e+01   3.8247216e+01   2.7576961e+01   2.1384420e+01   1.9615750e+01
   2.6384078e+01   3.4862000e+01   4.7252124e+01   4.9474598e+01   5.0000000e+01   4.8918522e+01   4.9126392e+01   4.0275552e+01   2.9338280e+01   2.2970475e+01   2.1861328e+01
   2.6895721e+01   3.0602513e+01   4.1942614e+01   4.9263002e+01   5.0000000e+01   5.0000000e+01   4.8399769e+01   3.7411999e+01   2.9726344e+01   2.4474132e+01   2.0526449e+01
   2.7924867e+01   3.1506966e+01   4.3302133e+01   5.0000000e+01   5.0000000e+01   4.9528136e+01   4.9321746e+01   3.7812689e+01   2.9589336e+01   2.3698964e+01   1.8722172e+01
   2.8678078e+01   3.3684253e+01   4.3460630e+01   5.0000000e+01   5.0000000e+01   5.0000000e+01   4.9068823e+01   4.1762787e+01   2.6484549e+01   2.4151939e+01   2.1857203e+01
   2.7308132e+01   3.3244300e+01   4.1953217e+01   5.0000000e+01   4.9330665e+01   5.0000000e+01   5.0000000e+01   4.3388487e+01   3.2464508e+01   2.4120918e+01   1.7978227e+01
   2.5737073e+01   3.2194388e+01   4.2329774e+01   5.0000000e+01   5.0000000e+01   4.9064519e+01   4.9390025e+01   4.0948107e+01   3.1376741e+01   2.3384327e+01   2.1860106e+01
   2.6675463e+01   2.9439494e+01   4.2631190e+01   4.9370942e+01   5.0000000e+01   4.9847289e+01   4.8723984e+01   4.3571970e+01   2.7083308e+01   2.3737553e+01   1.9111165e+01
   2.5585828e+01   3.0625876e+01   4.1133227e+01   5.0000000e+01   4.9358536e+01   4.8299643e+01   4.9583734e+01   4.7932002e+01   3.0316208e+01   2.4346901e+01   1.9835465e+01
   2.4026357e+01   3.1558790e+01   4.0690033e+01   5.0000000e+01   5.0000000e+01   4.9616747e+01   4.9315033e+01   4.3012099e+01   3.0954636e+01   2.6126015e+01   2.1946728e+01
   2.5765079e+01   3.1802159e+01   4.0337847e+01   4.7512176e+01   4.9422234e+01   5.0000000e+01   5.0000000e+01   4.0860608e+01   2.8752701e+01   2.4798591e+01   1.9258282e+01
   2.6441479e+01   3.3765683e+01   4.1082899e+01   5.0000000e+01   4.9091574e+01   4.8254302e+01   4.9768714e+01   4.4914281e+01   3.0623492e+01   2.2416412e+01   2.0970993e+01
   2.6635221e+01   2.9657560e+01   5.0000000e+01   5.0000000e+01   4.8877188e+01   5.0000000e+01   4.8514483e+01   4.4129254e+01   3.3582106e+01   2.3187853e+01   2.0673496e+01
   2.5639239e+01   3.0411298e+01   5.0000000e+01   4.9204164e+01   5.0000000e+01   4.8648000e+01   5.0000000e+01   4.2042468e+01   3.2489165e+01   2.3002481e+01   2.1352423e+01
   2.4570054e+01   3.1652669e+01   4.0218555e+01   5.0000000e+01   5.0000000e+01   5.0000000e+01   4.9636049e+01   4.8347671e+01   2.7429763e+01   2.5912036e+01   1.9560760e+01
   2.4718357e+01   3.2013724e+01   4.1425027e+01   5.0000000e+01   5.0000000e+01   4.9549708e+01   4.9399970e+01   5.0000000e+01   3.3514045e+01   2.6218540e+01   1.9190008e+01
   2.6577545e+01   2.9329483e+01   4.0673351e+01   4.9400250e+01   4.9809986e+01   4.9721471e+01   4.9148204e+01   4.9046343e+01   3.4029180e+01   2.6598699e+01   1.9456914e+01
   2.5716320e+01   3.1147770e+01   3.8187949e+01   5.0000000e+01   4.8824638e+01   4.8396111e+01   5.0000000e+01   4.5075912e+01   3.1952790e+01   2.5172668e+01   2.2003386e+01
   2.6727362e+01   3.0104653e+01   3.8977516e+01   5.0000000e+01   4.9801652e+01   4.9088931e+01   4.9891070e+01   4.1568726e+01   3.1382666e+01   2.2092243e+01   2.2490382e+01
   2.6919769e+01   3.1018796e+01   5.0000000e+01   5.0000000e+01   4.9926232e+01   4.9806979e+01   4.8447187e+01   4.8844491e+01   3.2399254e+01   2.7891637e+01   2.0771781e+01
   2.5400816e+01   3.1821087e+01   4.9883812e+01   5.0000000e+01   5.0000000e+01   5.0000000e+01   5.0000000e+01   4.9485278e+01   3.2197596e+01   2.5363068e+01   2.0382101e+01
   2.3893545e+01   3.2043200e+01   4.9856188e+01   4.9453499e+01   4.8789567e+01   4.9808687e+01   4.9658304e+01   4.4029885e+01   3.1798468e+01   2.6761310e+01   1.8900053e+01
   2.6540279e+01   3.3056322e+01   5.0000000e+01   5.0000000e+01   4.8156873e+01   4.9358770e+01   5.0000000e+01   4.7286294e+01   2.7984989e+01   2.4989958e+01   2.2122776e+01
   2.7208157e+01   5.0000000e+01   5.0000000e+01   4.9909729e+01   5.0000000e+01   5.0000000e+01   5.0000000e+01   4.7086097e+01   3.2043765e+01   2.4553130e+01   2.2153377e+01
   2.6251851e+01   5.0000000e+01   5.0000000e+01   5.0000000e+01   4.9223454e+01   4.9805537e+01   4.8693474e+01   4.1408943e+01   3.3224565e+01   2.3757883e+01   2.0268912e+01
   4.9983083e+01   5.0000000e+01   5.0000000e+01   5.0000000e+01   4.9509227e+01   4.9224103e+01   5.0000000e+01   4.6794072e+01   3.4855495e+01   2.4529142e+01   2.2317669e+01
   5.0000000e+01   5.0000000e+01   5.0000000e+01   4.9702760e+01   5.0000000e+01   4.7885950e+01   4.9424423e+01   4.8033540e+01   3.4243189e+01   2.7610099e+01   1.8903111e+01
   5.0000000e+01   4.8675393e+01   4.9989322e+01   4.9805816e+01   4.7535557e+01   4.6378241e+01   4.5652893e+01   4.7198948e+01   3.5747398e+01   2.7934289e+01   2.3139639e+01
   4.9969431e+01   5.0000000e+01   4.9549451e+01   5.0000000e+01   4.4354690e+01   4.3900629e+01   4.4806162e+01   4.5183335e+01   3.6743474e+01   2.6868647e+01   2.2515127e+01
   5.0000000e+01   4.8345278e+01   4.7581573e+01   4.9776684e+01   4.2548076e+01   4.0541613e+01   4.0146717e+01   4.2774786e+01   3.9386837e+01   2.9882180e+01   2.2471667e+01
   4.8952190e+01   5.0000000e+01   4.4993578e+01   4.8731071e+01   5.0000000e+01   3.9437553e+01   3.5692381e+01   5.0000000e+01   3.9856974e+01   3.0514604e+01   2.3695007e+01
   4.9264630e+01   4.6702562e+01   4.3454947e+01   5.0000000e+01   5.0000000e+01   3.5201458e+01   3.4158711e+01   3.3506613e+01   3.6579255e+01   3.4059554e+01   2.4523043e+01
   4.8643437e+01   4.7350458e+01   4.0246905e+01   4.8061240e+01   4.9468328e+01   3.1857179e+01   3.3038518e+01   3.2138217e+01   3.4519847e+01   3.1781380e+01   2.7631101e+01
   5.0000000e+01   4.6032166e+01   3.8127347e+01   4.5782770e+01   4.8806212e+01   2.9644777e+01   3.1779899e+01   2.9149356e+01   3.1598720e+01   3.3614908e+01   2.9789695e+01
   5.0000000e+01   4.4262562e+01   3.7734940e+01   3.9355989e+01   4.9946731e+01   5.0000000e+01   2.8379296e+01   2.6614144e+01   2.9278569e+01   2.7182796e+01   3.0792031e+01
   4.9171715e+01   4.8174052e+01   3.8632309e+01   3.6961270e+01   4.7321656e+01   4.9459424e+01   2.3325054e+01   2.5933794e+01   2.4133628e+01   2.6173254e+01   2.7900984e+01
   5.0000000e+01   4.5407942e+01   3.9064226e+01   3.3959848e+01   4.1801239e+01   4.7996829e+01   2.5472643e+01   2.4232663e+01   2.2692028e+01   2.2299021e+01   2.5381115e+01
   5.0000000e+01   4.9386110e+01   3.9927211e+01   3.2626376e+01   3.4947722e+01   4.2270964e+01   4.4193937e+01   2.2598939e+01   2.1569813e+01   2.0731044e+01   2.2521002e+01
   5.0000000e+01   5.0000000e+01   4.1790351e+01   3.1734881e+01   2.8941180e+01   3.6365783e+01   4.1683919e+01   4.1972744e+01   1.9025333e+01   1.9036963e+01   1.8838311e+01
   5.0000000e+01   4.8793291e+01   4.8916021e+01   3.7309117e+01   2.9752166e+01   2.9668287e+01   3.6392986e+01   4.2741285e+01   4.1132648e+01   1.9273394e+01   1.9920765e+01
   4.7544312e+01   5.0000000e+01   5.0000000e+01   4.1758784e+01   3.1865744e+01   2.6556898e+01   2.6756801e+01   3.5098850e+01   4.1120155e+01   3.9353647e+01   1.7069207e+01
   4.9908937e+01   5.0000000e+01   5.0000000e+01   5.0000000e+01   3.0881973e+01   3.0274798e+01   2.0303800e+01   2.7553957e+01   3.4479877e+01   4.0815374e+01   3.8814484e+01
   4.9975320e+01   4.9607253e+01   4.9532218e+01   5.0000000e+01   4.8237289e+01   3.0848069e+01   2.4561052e+01   2.4708227e+01   2.6611227e+01   3.1163983e+01   4.0687923e+01
   5.0000000e+01   4.9377958e+01   4.9573620e+01   4.9474405e+01   5.0000000e+01   3.7209358e+01   2.7928840e+01   2.3542256e+01   2.0900646e+01   2.3744537e+01   3.3030402e+01
   4.8961685e+01   4.8809523e+01   5.0000000e+01   5.0000000e+01   5.0000000e+01   4.9795677e+01   3.1146504e+01   2.4881258e+01   2.2020302e+01   2.0663668e+01   2.6686884e+01
   5.0000000e+01   4.8121533e+01   5.0000000e+01   4.9620900e+01   4.8135763e+01   4.9460079e+01   4.1677003e+01   3.1051363e+01   2.1922777e+01   2.0107093e+01   2.0159318e+01
   4.7782881e+01   5.0000000e+01   4.8193821e+01   5.0000000e+01   4.8127321e+01   4.5079157e+01   4.8702346e+01   3.1056837e+01   2.5226889e+01   1.9829328e+01   1.6815211e+01
   5.0000000e+01   5.0000000e+01   5.0000000e+01   4.6686882e+01   4.5824566e+01   4.3826074e+01   4.6027903e+01   4.2933188e+01   2.7418610e+01   2.3784815e+01   1.9127473e+01
   5.0000000e+01   4.9286074e+01   5.0000000e+01   4.5833096e+01   4.4955054e+01   4.3661515e+01   4.4872613e+01   4.3983890e+01   3.5432156e+01   2.2564046e+01   2.0893771e+01
   4.9959007e+01   5.0000000e+01   4.9763668e+01   4.7407999e+01   4.5879335e+01   4.2144169e+01   4.0851084e+01   4.2379077e+01   3.6539684e+01   2.6779678e+01   2.1370471e+01
   5.0000000e+01   4.9111689e+01   4.9018734e+01   4.5159589e+01   4.3282986e+01   4.2014043e+01   4.0028037e+01   3.8802970e+01   4.1917449e+01   3.3993170e+01   2.4105584e+01
   4.9236302e+01   5.0000000e+01   5.0000000e+01   4.5625180e+01   4.1386286e+01   3.8429075e+01   3.7722768e+01   3.7813712e+01   3.9687257e+01   3.9055827e+01   3.2036687e+01
   5.0000000e+01   4.9307822e+01   4.8763877e+01   4.6823566e+01   4.2717917e+01   3.8719983e+01   3.6064845e+01   3.7192096e+01   3.6805505e+01   3.7236624e+01   3.6010944e+01
   4.9625362e+01   5.0000000e+01   4.9949785e+01   4.3566127e+01   4.1340052e+01   3.7869149e+01   3.6613198e+01   3.4577829e+01   3.4433530e+01   3.5169379e+01   3.5663838e+01
   4.8340841e+01   5.0000000e+01   4.9611336e+01   4.7382608e+01   4.1387577e+01   3.5150070e+01   3.4482933e+01   3.4379904e+01   3.4048947e+01   3.3467411e+01   3.6808107e+01
   4.9689771e+01   5.0000000e+01   4.9688055e+01   4.7449443e+01   3.9454411e+01   3.7302184e+01   3.4076426e+01   3.3968816e+01   3.3180129e+01   3.1959956e+01   3.3553887e+01
   4.9380057e+01   4.9242355e+01   5.0000000e+01   4.8378266e+01   3.8893108e+01   3.6974160e+01   3.3648165e+01   3.1680369e+01   3.1243964e+01   3.1745914e+01   3.2315047e+01
   4.8975409e+01   5.0000000e+01   4.9702675e+01   4.7707272e+01   4.0291868e+01   3.6908638e+01   3.3447259e+01   3.0598872e+01   2.9523266e+01   2.8681415e+01   2.7467088e+01
   5.0000000e+01   4.8885639e+01   4.8302805e+01   5.0000000e+01   4.2025221e+01   3.6310948e+01   2.9655708e+01   2.9957654e+01   2.7153666e+01   2.6395395e+01   2.7476116e+01
   5.0000000e+01   4.8294131e+01   4.9401291e+01   4.8881090e+01   4.2948966e+01   5.0000000e+01   3.1114551e+01   3.1572951e+01   2.7138911e+01   2.7259059e+01   2.7858890e+01
   4.9745270e+01   5.0000000e+01   4.9476653e+01   5.0000000e+01   4.3114566e+01   3.5687266e+01   3.0491967e+01   2.8926706e+01   2.4814735e+01   2.6376412e+01   2.3479713e+01
   4.9452264e+01   4.8270358e+01   4.8284171e+01   5.0000000e+01   4.6077763e+01   3.5892711e+01   3.0878089e+01   2.5707556e+01   2.4848471e+01   2.5489580e+01   2.2011889e+01
   5.0000000e+01   4.7861926e+01   5.0000000e+01   4.9351790e+01   5.0000000e+01   3.5487359e+01   3.2098063e+01   2.7764562e+01   2.5671326e+01   2.3773944e+01   2.3417275e+01
   4.7150883e+01   4.9939952e+01   4.7833355e+01   5.0000000e+01   4.9871665e+01   3.7710814e+01   3.2416830e+01   2.8515116e+01   2.3803033e+01   2.1039177e+01   1.9658514e+01
   4.1069651e+01   5.0000000e+01   5.0000000e+01   5.0000000e+01   5.0000000e+01   4.3495336e+01   3.2732879e+01   2.9387950e+01   2.5356345e+01   2.0881795e+01   2.2459339e+01
   3.6672749e+01   5.0000000e+01   4.9705191e+01   4.9215494e+01   4.9875500e+01   4.5730256e+01   3.5401446e+01   2.8693083e+01   2.4042982e+01   2.1696477e+01   2.1654710e+01
   3.6867464e+01   4.8504949e+01   4.9635749e+01   4.8889611e+01   5.0000000e+01   4.8292772e+01   3.6327710e+01   2.7017449e+01   2.4446023e+01   2.0660922e+01   1.8017586e+01
   3.4731812e+01   4.9018111e+01   5.0000000e+01   5.0000000e+01   5.0000000e+01   5.0000000e+01   3.3854003e+01   2.7492733e+01   2.4880866e+01   2.0953369e+01   1.9908783e+01
   3.2799630e+01   4.7095571e+01   4.9696468e+01   4.9976513e+01   4.9454521e+01   5.0000000e+01   3.8166433e+01   2.6353411e+01   2.2765137e+01   2.2198977e+01   1.8647865e+01
   3.0118926e+01   4.3618880e+01   4.9773162e+01   4.8899321e+01   5.0000000e+01   4.9106055e+01   4.0448962e+01   3.1769488e+01   2.3320730e+01   2.0665392e+01   1.8576405e+01
   2.9654954e+01   4.2728399e+01   4.9128419e+01   4.9106290e+01   4.9267096e+01   4.9428228e+01   4.4678320e+01   3.3481319e+01   2.6757141e+01   2.1237431e+01   1.8456318e+01
   2.9691161e+01   4.0088448e+01   5.0000000e+01   5.0000000e+01   4.8475842e+01   4.9279357e+01   4.5452923e+01   3.1104735e+01   2.2221482e+01   2.1082295e+01   2.0425917e+01
   2.6785067e+01   3.5749730e+01   5.0000000e+01   5.0000000e+01   5.0000000e+01   5.0000000e+01   4.6161388e+01   3.4431182e+01   2.6194789e+01   2.1242179e+01   1.6456257e+01
   2.7240587e+01   3.4076350e+01   5.0000000e+01   4.9648422e+01   5.0000000e+01   5.0000000e+01   4.9557467e+01   3.6570267e+01   2.6515168e+01   1.9890940e+01   1.8952163e+01
   2.7643603e+01   3.4028549e+01   4.8827422e+01   5.0000000e+01   5.0000000e+01   5.0000000e+01   4.9234340e+01   3.5688344e+01   2.6427907e+01   2.3729632e+01   1.9953052e+01
   2.7548037e+01   3.1097846e+01   4.5158672e+01   5.0000000e+01   4.9155045e+01   5.0000000e+01   5.0000000e+01   3.9557044e+01   2.7359924e+01   1.9530606e+01   1.6098927e+01
   2.5447693e+01   3.3224338e+01   4.5586353e+01   4.9269032e+01   4.9194885e+01   5.0000000e+01   4.9894835e+01   3.8196830e+01   3.0386098e+01   2.2914430e+01   1.8975163e+01
   2.6900129e+01   3.4215855e+01   4.3570082e+01   4.9680240e+01   4.9509249e+01   4.9198294e+01   4.9966753e+01   4.3725983e+01   2.8248256e+01   2.2810896e+01   1.7927104e+01
   2.6430624e+01   2.8925178e+01   3.9959961e+01   4.9274343e+01   4.8994290e+01   5.0000000e+01   4.9726303e+01   4.2184963e+01   2.7732025e+01   2.4182774e+01   1.8850687e+01
   2.5014901e+01   3.1201963e+01   3.9030206e+01   5.0000000e+01   5.0000000e+01   5.0000000e+01   5.0000000e+01   4.8060860e+01   3.4025403e+01   2.2876155e+01   2.0523416e+01
   2.4076382e+01   2.8485235e+01   3.8057537e+01   4.8721307e+01   5.0000000e+01   5.0000000e+01   4.9680490e+01   4.9600853e+01   3.0952185e+01   2.4874553e+01   2.2161909e+01
   2.4728617e+01   2.8756025e+01   3.6875579e+01   5.0000000e+01   4.9346874e+01   5.0000000e+01   4.8955783e+01   5.0000000e+01   3.6486518e+01   2.5244224e+01   2.2305350e+01
   2.3784539e+01   2.7734718e+01   3.4979169e+01   4.9430231e+01   5.0000000e+01   4.8456502e+01   5.0000000e+01   4.8878660e+01   3.4481624e+01   2.6206907e+01   1.9324735e+01
   2.3589969e+01   2.8351120e+01   3.3998243e+01   4.9434792e+01   5.0000000e+01   5.0000000e+01   5.0000000e+01   4.9078341e+01   3.5143878e+01   2.5367145e+01   1.9744271e+01
   2.2648706e+01   2.6831442e+01   3.5230141e+01   4.8546488e+01   5.0000000e+01   4.9846078e+01   5.0000000e+01   4.8760955e+01   3.8437627e+01   2.7343844e+01   2.3733571e+01
   2.2850102e+01   2.6667947e+01   3.4926023e+01   4.6476093e+01   5.0000000e+01   5.0000000e+01   4.9255851e+01   4.8565316e+01   3.7892342e+01   2.9404173e+01   2.3777262e+01
   2.2721324e+01   2.6534011e+01   3.3481711e+01   4.5710331e+01   5.0000000e+01   5.0000000e+01   5.0000000e+01   4.9057475e+01   3.9094103e+01   2.9667971e+01   2.2146510e+01
   2.1282414e+01   2.7439799e+01   3.4413977e+01   4.6267062e+01   4.8492855e+01   4.9360588e+01   5.0000000e+01   4.9100357e+01   3.9711462e+01   3.0796734e+01   2.3514311e+01
   2.2146691e+01   2.4860718e+01   3.3242429e+01   4.2322881e+01   4.9240107e+01   5.0000000e+01   5.0000000e+01   4.9557936e+01   4.1253616e+01   3.0523972e+01   2.5998240e+01
   2.0198496e+01   2.5354468e+01   3.3916031e+01   4.5165569e+01   5.0000000e+01   4.9056606e+01   4.8594756e+01   4.8356462e+01   4.3312164e+01   2.7776804e+01   2.3943584e+01
   2.1726255e+01   2.6123311e+01   3.2090507e+01   4.4236995e+01   4.9801915e+01   5.0000000e+01   5.0000000e+01   4.9493147e+01   4.2935779e+01   2.9741490e+01   2.4681540e+01
   2.0555677e+01   2.6156215e+01   3.2566245e+01   4.3354959e+01   5.0000000e+01   5.0000000e+01   4.9566716e+01   4.9225081e+01   4.1093729e+01   3.3649602e+01   2.5547708e+01
   2.2077904e+01   2.6078321e+01   3.1081366e+01   4.3011785e+01   5.0000000e+01   5.0000000e+01   5.0000000e+01   4.9206268e+01   4.0815565e+01   3.1490167e+01   2.4817608e+01
   2.2242776e+01   2.3970803e+01   3.1346503e+01   4.2848760e+01   4.8978578e+01   4.9676854e+01   5.0000000e+01   4.9683164e+01   4.4755143e+01   3.2427003e+01   2.5430079e+01
   2.1110768e+01   5.0000000e+01   3.4272139e+01   4.1769447e+01   5.0000000e+01   4.9064126e+01   4.9411372e+01   5.0000000e+01   4.7031728e+01   3.4839183e+01   2.2740817e+01
   2.1363407e+01   2.3118419e+01   3.0528472e+01   4.1883153e+01   4.9565212e+01   5.0000000e+01   4.8192812e+01   4.9995202e+01   4.4988817e+01   3.3995825e+01   2.4523488e+01
   2.2190181e+01   2.3773250e+01   3.1680190e+01   4.3428146e+01   4.8525833e+01   5.0000000e+01   4.8785825e+01   5.0000000e+01   4.2925503e+01   3.1982615e+01   2.7010887e+01
   2.3006405e+01   2.5065876e+01   3.2798178e+01   4.3307643e+01   5.0000000e+01   4.8086322e+01   4.9393600e+01   5.0000000e+01   4.0955428e+01   3.2159879e+01   2.5787124e+01
   2.2255740e+01   2.4536419e+01   2.9587531e+01   4.1932939e+01   4.9155919e+01   5.0000000e+01   4.9726298e+01   5.0000000e+01   4.1228866e+01   3.1408172e+01   2.5123138e+01
   2.0043454e+01   2.5593949e+01   3.3568559e+01   4.4404692e+01   4.9497166e+01   4.8299413e+01   5.0000000e+01   5.0000000e+01   4.2008767e+01   3.1556031e+01   2.4395594e+01
   2.1856742e+01   2.4750467e+01   3.0789880e+01   4.6340783e+01   4.8660780e+01   5.0000000e+01   4.9405428e+01   5.0000000e+01   4.0822748e+01   3.0614045e+01   2.4240729e+01
   2.0081949e+01   2.3501252e+01   3.3495749e+01   4.8355213e+01   4.9397036e+01   5.0000000e+01   5.0000000e+01   5.0000000e+01   4.0428170e+01   2.8830735e+01   2.4966748e+01
   2.2923638e+01   2.8148530e+01   3.4504150e+01   4.9210142e+01   5.0000000e+01   4.9817222e+01   5.0000000e+01   4.9483035e+01   3.6677951e+01   2.9269088e+01   2.2717580e+01
   2.1735292e+01   2.8140015e+01   3.3344574e+01   4.9903960e+01   5.0000000e+01   4.9091607e+01   5.0000000e+01   5.0000000e+01   3.6848723e+01   3.0232799e+01   2.6426849e+01
   2.0695369e+01   2.6301254e+01   3.2872201e+01   5.0000000e+01   4.8868451e+01   5.0000000e+01   5.0000000e+01   4.9186006e+01   3.4857716e+01   3.0769220e+01   2.5629582e+01
   2.1487640e+01   2.8549252e+01   3.6450302e+01   5.0000000e+01   5.0000000e+01   4.9489297e+01   4.9389453e+01   4.8751535e+01   3.4767527e+01   2.8140500e+01   2.3746549e+01
   2.1736454e+01   2.7028425e+01   3.7333479e+01   4.9856833e+01   5.0000000e+01   4.9181528e+01   5.0000000e+01   4.9322591e+01   3.9167528e+01   3.0676861e+01   2.6431655e+01
   2.2356196e+01   2.8615705e+01   3.7234987e+01   5.0000000e+01   5.0000000e+01   4.8738229e+01   5.0000000e+01   4.9926268e+01   3.7798920e+01   2.8824808e+01   2.7306596e+01
   2.3755228e+01   3.1404026e+01   5.0000000e+01   5.0000000e+01   5.0000000e+01   4.8532352e+01   5.0000000e+01   4.8038269e+01   3.4069837e+01   2.6277646e+01   2.2661193e+01
   2.2542602e+01   2.9845076e+01   4.8611411e+01   5.0000000e+01   4.8894120e+01   5.0000000e+01   5.0000000e+01   4.8401405e+01   3.4218916e+01   2.7365678e+01   2.4125425e+01
   2.3612654e+01   2.8103327e+01   5.0000000e+01   5.0000000e+01   5.0000000e+01   4.9668254e+01   5.0000000e+01   4.9942934e+01   3.5170388e+01   2.6177644e+01   2.3063678e+01
   2.4457779e+01   2.8085390e+01   4.8649647e+01   5.0000000e+01   5.0000000e+01   5.0000000e+01   5.0000000e+01   5.0000000e+01   3.4378964e+01   2.9182814e+01   2.2083578e+01
   2.4866527e+01   2.9456745e+01   5.0000000e+01   4.9270099e+01   5.0000000e+01   4.9943306e+01   4.9669103e+01   5.0000000e+01   5.0000000e+01   2.6914896e+01   2.2257394e+01
   2.3866776e+01   4.9762981e+01   5.0000000e+01   5.0000000e+01   5.0000000e+01   4.9790314e+01   4.9487807e+01   5.0000000e+01   5.0000000e+01   2.5500294e+01   2.2950900e+01
   2.3723894e+01   4.9937264e+01   4.9232334e+01   4.9337227e+01   5.0000000e+01   4.8278534e+01   5.0000000e+01   4.9820195e+01   4.9660241e+01   2.6399774e+01   2.4760011e+01
   2.7138740e+01   5.0000000e+01   5.0000000e+01   4.9232466e+01   5.0000000e+01   4.9224536e+01   4.9693519e+01   5.0000000e+01   5.0000000e+01   2.7212115e+01   2.1724837e+01
   5.0000000e+01   5.0000000e+01   4.9525144e+01   5.0000000e+01   4.7379977e+01   5.0000000e+01   5.0000000e+01   5.0000000e+01   5.0000000e+01   2.7471383e+01   2.1832402e+01
   4.9066157e+01   5.0000000e+01   5.0000000e+01   4.9236218e+01   4.9668149e+01   4.9571855e+01   4.8536131e+01   5.0000000e+01   4.8512198e+01   4.9479604e+01   1.9043740e+01
   5.0000000e+01   4.9957040e+01   4.9652303e+01   4.5835557e+01   4.9661366e+01   5.0000000e+01   5.0000000e+01   4.9940619e+01   4.9528724e+01   5.0000000e+01   2.1620691e+01
   4.9075773e+01   4.9866765e+01   4.8176865e+01   4.6665166e+01   4.8576377e+01   4.8168569e+01   4.9269381e+01   5.0000000e+01   4.9854785e+01   5.0000000e+01   2.2243152e+01
   5.0000000e+01   5.0000000e+01   4.6696093e+01   4.4815365e+01   4.9478763e+01   4.9818802e+01   5.0000000e+01   4.9379416e+01   5.0000000e+01   5.0000000e+01   5.0000000e+01
   5.0000000e+01   4.9624271e+01   4.3359916e+01   4.4017435e+01   5.0000000e+01   5.0000000e+01   4.9532121e+01   5.0000000e+01   5.0000000e+01   5.0000000e+01   5.0000000e+01
   5.0000000e+01   4.6558866e+01   4.3920604e+01   4.1613702e+01   5.0000000e+01   4.9277642e+01   5.0000000e+01   5.0000000e+01   5.0000000e+01   4.9874649e+01   5.0000000e+01
   4.9445470e+01   4.2806789e+01   3.8570227e+01   4.1630422e+01   5.0000000e+01   5.0000000e+01   4.8582504e+01   5.0000000e+01   4.8553001e+01   4.9079631e+01   5.0000000e+01
   4.7931482e+01   4.1929945e+01   3.6626873e+01   4.4809841e+01   5.0000000e+01   5.0000000e+01   4.8932706e+01   4.8785062e+01   4.8474248e+01   5.0000000e+01   4.9800629e+01
   4.6766223e+01   4.0400839e+01   3.3675651e+01   5.0000000e+01   4.9709731e+01   4.8949611e+01   5.0000000e+01   5.0000000e+01   5.0000000e+01   5.0000000e+01   5.0000000e+01
   3.9755896e+01   3.7145533e+01   3.3087061e+01   5.0000000e+01   4.9590383e+01   4.9649118e+01   4.9024611e+01   5.0000000e+01   5.0000000e+01   4.7821962e+01   4.9938146e+01
   3.8307080e+01   3.3037823e+01   3.0715654e+01   4.9618680e+01   4.8682880e+01   4.8580919e+01   4.9301638e+01   5.0000000e+01   5.0000000e+01   5.0000000e+01   5.0000000e+01
   3.7372567e+01   3.2487261e+01   3.3955977e+01   4.9305219e+01   4.9722703e+01   5.0000000e+01   5.0000000e+01   4.8971388e+01   5.0000000e+01   5.0000000e+01   4.9814500e+01
   3.2734831e+01   3.0962283e+01   4.5271997e+01   5.0000000e+01   4.9285307e+01   4.8793945e+01   4.9201295e+01   4.9606424e+01   5.0000000e+01   5.0000000e+01   5.0000000e+01
   2.8971629e+01   2.8414194e+01   4.8969082e+01   4.8864721e+01   4.9780715e+01   4.9141806e+01   5.0000000e+01   4.8455860e+01   4.9227704e+01   4.9621324e+01   4.8438313e+01
   2.9010113e+01   3.3918859e+01   4.8699024e+01   5.0000000e+01   4.9774417e+01   5.0000000e+01   5.0000000e+01   4.9266137e+01   5.0000000e+01   5.0000000e+01   5.0000000e+01
   2.9604737e+01   5.0000000e+01   4.8682021e+01   4.9865181e+01   4.9271636e+01   5.0000000e+01   5.0000000e+01   4.9030100e+01   5.0000000e+01   4.9445912e+01   4.9729745e+01
   3.1478434e+01   4.8246303e+01   4.9721545e+01   5.0000000e+01   4.8855317e+01   4.9244030e+01   5.0000000e+01   4.9650373e+01   5.0000000e+01   5.0000000e+01   4.8767895e+01
   4.9091009e+01   5.0000000e+01   4.7977907e+01   4.8031154e+01   4.9622313e+01   5.0000000e+01   4.8550260e+01   5.0000000e+01   5.0000000e+01   5.0000000e+01   4.8854971e+01
   4.9922500e+01   5.0000000e+01   5.0000000e+01   5.0000000e+01   5.0000000e+01   4.9340904e+01   4.9715357e+01   5.0000000e+01   5.0000000e+01   4.9909231e+01   4.9958731e+01
   5.0000000e+01   4.8208743e+01   4.9910174e+01   5.0000000e+01   4.9104329e+01   5.0000000e+01   4.9125958e+01   4.8930937e+01   5.0000000e+01   4.8920778e+01   5.0000000e+01
   5.0000000e+01   4.9869811e+01   4.9657738e+01   4.8228905e+01   5.0000000e+01   5.0000000e+01   5.0000000e+01   5.0000000e+01   4.7251276e+01   4.9896629e+01   4.9056694e+01
   4.9687535e+01   4.8824763e+01   5.0000000e+01   4.9841160e+01   4.9855872e+01   5.0000000e+01   4.8738332e+01   5.0000000e+01   4.9994108e+01   5.0000000e+01   5.0000000e+01
   5.0000000e+01   5.0000000e+01   5.0000000e+01   5.0000000e+01   4.9739344e+01   4.9556848e+01   4.8240405e+01   5.0000000e+01   4.9749567e+01   4.9729776e+01   4.9174228e+01
   4.9090439e+01   4.9577834e+01   4.9655314e+01   4.8724230e+01   5.0000000e+01   4.9969989e+01   4.9606467e+01   4.8405554e+01   4.9531296e+01   5.0000000e+01   5.0000000e+01
   5.0000000e+01   4.8349066e+01   5.0000000e+01   4.9699960e+01   5.0000000e+01   5.0000000e+01   5.0000000e+01   5.0000000e+01   5.0000000e+01   4.9558831e+01   4.9448329e+01
   5.0000000e+01   5.0000000e+01   4.9866652e+01   5.0000000e+01   5.0000000e+01   5.0000000e+01   4.9101895e+01   4.9831233e+01   5.0000000e+01   4.9574923e+01   4.9202485e+01
   5.0000000e+01   5.0000000e+01   4.9373963e+01   4.9477416e+01   5.0000000e+01   4.9766978e+01   4.9452698e+01   5.0000000e+01   4.9715060e+01   5.0000000e+01   5.0000000e+01
   4.9377874e+01   4.9381563e+01   5.0000000e+01   5.0000000e+01   5.0000000e+01   4.9790530e+01   4.8329608e+01   5.0000000e+01   5.0000000e+01   5.0000000e+01   5.0000000e+01
   5.0000000e+01   5.0000000e+01   5.0000000e+01   5.0000000e+01   5.0000000e+01   4.9215972e+01   5.0000000e+01   4.9651154e+01   4.8350082e+01   5.0000000e+01   5.0000000e+01
   4.9682604e+01   4.8655682e+01   5.0000000e+01   4.9421242e+01   5.0000000e+01   4.7728020e+01   5.0000000e+01   5.0000000e+01   4.8885709e+01   5.0000000e+01   5.0000000e+01
   4.9400316e+01   4.8765235e+01   4.8973252e+01   5.0000000e+01   4.9447020e+01   4.9843348e+01   4.9372851e+01   5.0000000e+01   4.9626689e+01   4.9344816e+01   5.0000000e+01
   5.0000000e+01   4.8846560e+01   4.8827030e+01   5.0000000e+01   4.8507441e+01   4.8802131e+01   4.8607661e+01   4.7538822e+01   4.9829619e+01   4.9814299e+01   5.0000000e+01
   4.9802332e+01   4.9890672e+01   5.0000000e+01   5.0000000e+01   5.0000000e+01   4.9772060e+01   4.9724704e+01   4.9386012e+01   4.8933023e+01   5.0000000e+01   4.9885918e+01
   4.9421998e+01   4.9475805e+01   4.9735378e+01   5.0000000e+01   4.9298134e+01   5.0000000e+01   4.9832150e+01   4.9604553e+01   4.8819356e+01   4.9203340e+01   5.0000000e+01
   4.9244030e+01   5.0000000e+01   4.9186809e+01   5.0000000e+01   5.0000000e+01   5.0000000e+01   4.7827053e+01   5.0000000e+01   5.0000000e+01   5.0000000e+01   4.8446223e+01
   5.0000000e+01   4.9928894e+01   5.0000000e+01   5.0000000e+01   4.9169458e+01   5.0000000e+01   5.0000000e+01   4.7767632e+01   5.0000000e+01   4.8836587e+01   4.8778037e+01
   4.8504159e+01   5.0000000e+01   4.8815348e+01   4.8677255e+01   4.8746583e+01   4.8889286e+01   5.0000000e+01   5.0000000e+01   5.0000000e+01   5.0000000e+01   5.0000000e+01
   4.8353841e+01   5.0000000e+01   5.0000000e+01   4.9323206e+01   4.8596570e+01   5.0000000e+01   4.8246454e+01   4.9386214e+01   5.0000000e+01   5.0000000e+01   4.9645898e+01
   5.0000000e+01   5.0000000e+01   4.8407907e+01   4.9647112e+01   5.0000000e+01   4.8326386e+01   5.0000000e+01   5.0000000e+01   4.8834364e+01   4.9837462e+01   4.9589829e+01
   4.8710230e+01   5.0000000e+01   4.7546237e+01   4.8402571e+01   5.0000000e+01   4.9720074e+01   4.9846453e+01   4.9041760e+01   4.7781427e+01   4.9597733e+01   5.0000000e+01
   4.9600151e+01   5.0000000e+01   4.9791879e+01   4.8598115e+01   5.0000000e+01   5.0000000e+01   4.8526609e+01   5.0000000e+01   5.0000000e+01   5.0000000e+01   4.7370949e+01
   5.0000000e+01   4.8835840e+01   4.9018070e+01   5.0000000e+01   5.0000000e+01   5.0000000e+01   4.9073955e+01   5.0000000e+01   4.9772858e+01   4.9061995e+01   4.9639697e+01
   5.0000000e+01   5.0000000e+01   5.0000000e+01   5.0000000e+01   5.0000000e+01   4.9875738e+01   5.0000000e+01   5.0000000e+01   5.0000000e+01   4.9623408e+01   4.8920128e+01
   5.0000000e+01   5.0000000e+01   5.0000000e+01   5.0000000e+01   5.0000000e+01   4.8917776e+01   4.8560205e+01   4.8962002e+01   5.0000000e+01   4.8273295e+01   5.0000000e+01
   4.8990438e+01   4.8850513e+01   4.9387882e+01   5.0000000e+01   5.0000000e+01   5.0000000e+01   5.0000000e+01   4.9821684e+01   4.9799817e+01   4.8920977e+01   4.8379883e+01
   5.0000000e+01   5.0000000e+01   4.9033263e+01   4.9233218e+01   4.9218732e+01   4.9277843e+01   4.9898494e+01   4.9530061e+01   5.0000000e+01   4.8910957e+01   4.4857227e+01
   3.9771703e+01   5.0000000e+01   4.9783605e+01   5.0000000e+01   4.9841111e+01   4.8980834e+01   4.9575031e+01   5.0000000e+01   4.9278643e+01   4.9032224e+01   4.4971847e+01
   4.3212102e+01   5.0000000e+01   4.9683918e+01   4.9283488e+01   4.9326291e+01   4.9420914e+01   5.0000000e+01   4.9554975e+01   5.0000000e+01   5.0000000e+01   4.4000906e+01
   3.7115969e+01   4.9579685e+01   5.0000000e+01   5.0000000e+01   5.0000000e+01   4.9049476e+01   4.9287987e+01   4.8378826e+01   5.0000000e+01   4.9810859e+01   5.0000000e+01
   3.7031805e+01   5.0000000e+01   4.9651705e+01   4.8489050e+01   5.0000000e+01   5.0000000e+01   4.9749484e+01   4.9842606e+01   4.9467411e+01   4.8323993e+01   4.9374300e+01
   3.5911530e+01   5.0000000e+01   5.0000000e+01   5.0000000e+01   4.9672738e+01   5.0000000e+01   5.0000000e+01   4.9802542e+01   4.9542547e+01   4.8276401e+01   4.8650509e+01
   3.3606302e+01   4.8536517e+01   5.0000000e+01   5.0000000e+01   5.0000000e+01   5.0000000e+01   4.7779913e+01   4.9168633e+01   5.0000000e+01   4.8267875e+01   4.9924424e+01
   3.2162848e+01   4.9223829e+01   5.0000000e+01   5.0000000e+01   4.8994296e+01   4.9161016e+01   4.8081793e+01   5.0000000e+01   5.0000000e+01   5.0000000e+01   5.0000000e+01
   3.0216520e+01   5.0000000e+01   4.9620550e+01   4.9421382e+01   5.0000000e+01   5.0000000e+01   4.5470331e+01   4.8951401e+01   5.0000000e+01   5.0000000e+01   5.0000000e+01
   3.0595657e+01   4.8857250e+01   4.9524731e+01   5.0000000e+01   5.0000000e+01   5.0000000e+01   4.4486221e+01   4.9275064e+01   5.0000000e+01   5.0000000e+01   5.0000000e+01
   2.9926738e+01   4.4613934e+01   5.0000000e+01   4.9958966e+01   5.0000000e+01   4.9063951e+01   4.3825099e+01   4.6839950e+01   5.0000000e+01   4.8938012e+01   4.9063252e+01
   2.7721498e+01   4.0929023e+01   4.9261631e+01   5.0000000e+01   5.0000000e+01   4.8810826e+01   4.3062026e+01   4.3640798e+01   4.9390988e+01   4.7989161e+01   4.9148080e+01
   3.0539875e+01   4.1313339e+01   4.8184497e+01   5.0000000e+01   5.0000000e+01   4.8065065e+01   4.6653987e+01   3.7906897e+01   5.0000000e+01   5.0000000e+01   4.9330869e+01
   2.8999145e+01   4.0368318e+01   5.0000000e+01   5.0000000e+01   4.8658254e+01   5.0000000e+01   4.6708134e+01   3.7382061e+01   4.5284495e+01   4.9915795e+01   5.0000000e+01
   2.7894433e+01   3.6305873e+01   5.0000000e+01   4.9256895e+01   4.8529092e+01   4.8987852e+01   4.7884152e+01   3.5620559e+01   3.9363152e+01   4.9982253e+01   5.0000000e+01
   2.7978043e+01   3.7242699e+01   4.9637019e+01   5.0000000e+01   5.0000000e+01   5.0000000e+01   5.0000000e+01   3.5600093e+01   3.6558978e+01   4.2970873e+01   5.0000000e+01
   2.9924899e+01   3.6143419e+01   4.9649308e+01   4.8234877e+01   4.9299816e+01   5.0000000e+01   4.9634690e+01   3.5869016e+01   3.3841277e+01   3.9922679e+01   5.0000000e+01
   3.0138883e+01   3.6235165e+01   4.8637090e+01   4.9589006e+01   4.9758809e+01   5.0000000e+01   5.0000000e+01   3.6024467e+01   5.0000000e+01   3.8056215e+01   5.0000000e+01
   2.6755615e+01   3.2826701e+01   5.0000000e+01   4.9609170e+01   4.9130583e+01   4.9361795e+01   4.9936978e+01   3.7427378e+01   3.0728858e+01   3.3806057e+01   3.9439709e+01
   2.6538854e+01   3.5460380e+01   4.8766230e+01   4.9286283e+01   5.0000000e+01   4.9773649e+01   4.8275148e+01   3.9984716e+01   3.1207619e+01   3.2292404e+01   5.0000000e+01
   2.6188546e+01   3.0437763e+01   4.6556599e+01   4.9336055e+01   5.0000000e+01   4.9693085e+01   5.0000000e+01   4.0410701e+01   2.9610994e+01   2.6460587e+01   3.6511321e+01
   2.4034623e+01   3.1655843e+01   4.7262474e+01   5.0000000e+01   5.0000000e+01   5.0000000e+01   4.8936448e+01   4.1270446e+01   3.1393822e+01   2.5000750e+01   3.1611293e+01
   2.6135237e+01   3.3584711e+01   4.6219647e+01   4.9126205e+01   5.0000000e+01   4.8843816e+01   5.0000000e+01   4.1583088e+01   2.9605118e+01   2.4960487e+01   2.5657258e+01
   2.5196743e+01   3.1012168e+01   4.2863785e+01   5.0000000e+01   5.0000000e+01   4.9794088e+01   5.0000000e+01   4.0188837e+01   3.2181376e+01   2.5738393e+01   2.2132727e+01
   2.5157383e+01   3.0597773e+01   4.2669263e+01   4.9574878e+01   5.0000000e+01   5.0000000e+01   5.0000000e+01   4.2243489e+01   3.0960353e+01   2.5822180e+01   2.1516899e+01
   2.6468437e+01   3.0854091e+01   4.0501569e+01   4.9871638e+01   4.8830328e+01   5.0000000e+01   5.0000000e+01   4.4153393e+01   3.2666247e+01   2.9308743e+01   2.1973244e+01
   2.5535522e+01   2.9923938e+01   4.3332327e+01   5.0000000e+01   5.0000000e+01   4.8911791e+01   4.9854580e+01   4.3450747e+01   3.3892385e+01   2.3971810e+01   1.9862109e+01
   2.5974325e+01   3.0642943e+01   4.0393061e+01   4.9458142e+01   4.9058428e+01   5.0000000e+01   5.0000000e+01   4.6233255e+01   3.2475172e+01   2.3915084e+01   2.3227863e+01
   2.4053683e+01   2.6551474e+01   3.8824409e+01   5.0000000e+01   4.8400550e+01   4.7298164e+01   5.0000000e+01   4.8021913e+01   3.3492453e+01   2.5299908e+01   2.3323162e+01
   2.2675791e+01   2.8998880e+01   3.8408963e+01   5.0000000e+01   5.0000000e+01   4.9507410e+01   4.9539040e+01   4.8087556e+01   3.3584347e+01   2.6175539e+01   2.2014625e+01
   2.2398591e+01   2.9746917e+01   3.7560999e+01   5.0000000e+01   5.0000000e+01   5.0000000e+01   4.9778461e+01   4.9432594e+01   3.4140386e+01   2.5976731e+01   2.1652657e+01
   5.0000000e+01   3.0645946e+01   3.9934735e+01   4.8097390e+01   4.9337063e+01   5.0000000e+01   4.9544422e+01   4.9437950e+01   3.5158127e+01   2.8260271e+01   2.3965926e+01
   2.4209372e+01   2.5655830e+01   3.7616341e+01   5.0000000e+01   5.0000000e+01   5.0000000e+01   4.9587951e+01   4.8771580e+01   3.6179941e+01   2.7213322e+01   2.3018529e+01
   2.4088593e+01   2.8711489e+01   3.5689273e+01   5.0000000e+01   5.0000000e+01   4.9907047e+01   4.9827518e+01   4.9445959e+01   3.5292144e+01   2.8142195e+01   2.3388420e+01
   5.0000000e+01   2.8270225e+01   3.6085551e+01   4.9117980e+01   4.7929972e+01   4.9619784e+01   5.0000000e+01   4.9319724e+01   3.4976407e+01   2.9211576e+01   2.2081525e+01
   2.4957017e+01   2.6946778e+01   3.6175890e+01   4.8184042e+01   4.9284450e+01   5.0000000e+01   5.0000000e+01   5.0000000e+01   3.9822541e+01   2.6552682e+01   2.3031326e+01
   2.3571581e+01   2.8289065e+01   3.4607315e+01   4.6662129e+01   5.0000000e+01   5.0000000e+01   4.9239280e+01   5.0000000e+01   3.7959821e+01   3.0316014e+01   2.4965181e+01
   2.1825791e+01   3.0362167e+01   3.4058807e+01   5.0000000e+01   5.0000000e+01   4.9731601e+01   5.0000000e+01   5.0000000e+01   3.9646334e+01   2.8500542e+01   2.3008216e+01
   2.1739192e+01   2.4682863e+01   3.2343956e+01   4.7376765e+01   4.8337105e+01   5.0000000e+01   4.9130430e+01   4.9540253e+01   3.7786982e+01   2.9558742e+01   2.6390719e+01
   2.3376838e+01   2.6394356e+01   3.3586002e+01   4.5428686e+01   4.9508508e+01   4.9460697e+01   4.9669563e+01   5.0000000e+01   3.7906046e+01   2.9337171e+01   2.2093951e+01
   2.2166039e+01   2.6969311e+01   3.5317538e+01   4.6201551e+01   4.9849933e+01   4.9569928e+01   5.0000000e+01   5.0000000e+01   3.9187293e+01   3.0111774e+01   2.3355734e+01
   2.0391225e+01   2.6052806e+01   3.2603529e+01   4.6559410e+01   5.0000000e+01   5.0000000e+01   4.8317795e+01   4.9080174e+01   3.7556454e+01   3.2370633e+01   2.5258742e+01
   2.2446466e+01   2.5599067e+01   3.2555283e+01   4.3750796e+01   4.8321223e+01   4.9097947e+01   4.8990918e+01   4.8676394e+01   4.1835086e+01   3.0710721e+01   2.6093881e+01
   2.2556453e+01   2.6770850e+01   3.0741745e+01   4.3411393e+01   5.0000000e+01   5.0000000e+01   4.8706338e+01   5.0000000e+01   4.2083916e+01   2.9173650e+01   2.4439401e+01
   1.9704591e+01   2.5237753e+01   3.0499647e+01   4.2083262e+01   5.0000000e+01   4.8316733e+01   4.7335703e+01   4.9593360e+01   4.3589911e+01   3.2415856e+01   2.4476043e+01
   2.3836801e+01   2.3692357e+01   2.9116460e+01   4.0874666e+01   4.8407273e+01   4.7579252e+01   5.0000000e+01   4.8648108e+01   4.5691038e+01   3.2661862e+01   2.4190040e+01
   1.8970320e+01   2.3819926e+01   2.9838903e+01   4.0277455e+01   5.0000000e+01   4.9841079e+01   4.9269647e+01   4.9530185e+01   4.4038194e+01   3.4459615e+01   2.5268078e+01
   1.9317077e+01   2.4666724e+01   2.7431456e+01   4.0121499e+01   5.0000000e+01   5.0000000e+01   5.0000000e+01   4.8371989e+01   4.6132571e+01   3.3553466e+01   2.8306059e+01
   2.2293620e+01   2.3582361e+01   2.9848683e+01   3.6821477e+01   5.0000000e+01   5.0000000e+01   5.0000000e+01   5.0000000e+01   4.4404591e+01   3.5248817e+01   2.7045419e+01
   2.1523337e+01   2.3957300e+01   2.7684581e+01   3.8550205e+01   5.0000000e+01   5.0000000e+01   4.9005862e+01   5.0000000e+01   4.7728608e+01   3.3674310e+01   2.6955662e+01
   2.0571034e+01   2.5436559e+01   2.6303286e+01   3.4547033e+01   4.9524962e+01   5.0000000e+01   4.9959610e+01   5.0000000e+01   4.5978380e+01   3.4827200e+01   2.9402468e+01
   1.9857382e+01   2.1419522e+01   2.9254887e+01   3.6183638e+01   4.9582120e+01   5.0000000e+01   5.0000000e+01   4.9676823e+01   4.9263467e+01   3.4357753e+01   2.8258556e+01
   2.0364100e+01   2.2764313e+01   2.6934110e+01   3.2986730e+01   4.7385705e+01   5.0000000e+01   4.8857186e+01   5.0000000e+01   4.7689846e+01   3.4108333e+01   2.8242696e+01
   1.9794750e+01   2.1056726e+01   2.5283303e+01   3.3981868e+01   4.7156770e+01   4.9031230e+01   5.0000000e+01   5.0000000e+01   5.0000000e+01   3.4890350e+01   2.9334754e+01
   2.0395786e+01   1.9883025e+01   2.8221321e+01   3.6171969e+01   4.5455100e+01   4.9923593e+01   5.0000000e+01   4.7781005e+01   4.9882623e+01   3.6281238e+01   2.9191532e+01
   1.9905279e+01   2.0973088e+01   2.8955787e+01   3.4400473e+01   4.4057583e+01   4.9402210e+01   4.9902624e+01   4.9855373e+01   4.8481140e+01   3.7435600e+01   2.7103656e+01
   1.7930155e+01   2.0317553e+01   2.6794739e+01   3.3448042e+01   4.4846119e+01   4.9763011e+01   5.0000000e+01   5.0000000e+01   5.0000000e+01   3.7327436e+01   3.0581997e+01
   1.7233996e+01   2.1039619e+01   2.6195555e+01   3.6732252e+01   4.9527548e+01   5.0000000e+01   4.8781399e+01   5.0000000e+01   5.0000000e+01   3.9178773e+01   3.0424016e+01
   1.7975668e+01   2.1478462e+01   2.4152395e+01   3.1139159e+01   4.1309920e+01   4.8595844e+01   5.0000000e+01   5.0000000e+01   4.9504061e+01   3.7762831e+01   3.0587090e+01
   1.6778678e+01   1.8150166e+01   2.1434701e+01   3.1971085e+01   4.7234670e+01   5.0000000e+01   4.9871690e+01   5.0000000e+01   5.0000000e+01   3.6913849e+01   3.0451894e+01
   1.6870809e+01   2.1489018e+01   2.5199254e+01   2.9955562e+01   4.7890063e+01   4.9679099e+01   5.0000000e+01   4.8671605e+01   5.0000000e+01   3.9727015e+01   3.1614893e+01
   1.8843257e+01   2.0474572e+01   2.5586476e+01   2.8656815e+01   5.0000000e+01   5.0000000e+01   4.9042927e+01   5.0000000e+01   5.0000000e+01   3.8034382e+01   3.1064204e+01
   1.7175546e+01   2.1600055e+01   2.5236234e+01   3.0970369e+01   4.6726970e+01   5.0000000e+01   5.0000000e+01   5.0000000e+01   4.9673451e+01   3.8410479e+01   2.9353440e+01
   1.7819855e+01   2.0328792e+01   2.3076069e+01   3.2868314e+01   5.0000000e+01   5.0000000e+01   5.0000000e+01   4.9753227e+01   4.9872355e+01   3.8980205e+01   3.1624447e+01
   1.6562938e+01   1.9332363e+01   2.1852808e+01   3.1828847e+01   4.3243154e+01   4.9343086e+01   5.0000000e+01   5.0000000e+01   4.9865733e+01   3.8330940e+01   3.1890254e+01
   1.5023078e+01   1.6903132e+01   2.4826040e+01   3.1569363e+01   5.0000000e+01   4.8566234e+01   5.0000000e+01   4.9127326e+01   4.9871521e+01   3.8849741e+01   3.0444796e+01
   1.7670257e+01   2.0222421e+01   2.3688520e+01   3.0160333e+01   4.9620053e+01   5.0000000e+01   5.0000000e+01   4.9069244e+01   4.8544266e+01   4.0577417e+01   3.0417533e+01
   1.7286535e+01   2.1781669e+01   2.4694535e+01   2.6048633e+01   4.8677697e+01   4.9007882e+01   4.9124136e+01   5.0000000e+01   4.8382048e+01   3.7209472e+01   3.0298517e+01
   1.8283255e+01   1.8793526e+01   2.5021148e+01   3.4916854e+01   5.0000000e+01   4.9284737e+01   4.9084761e+01   5.0000000e+01   4.8809563e+01   3.5508358e+01   2.9331825e+01
   1.6893319e+01   1.9318727e+01   2.1795586e+01   3.3969349e+01   5.0000000e+01   5.0000000e+01   4.9085178e+01   5.0000000e+01   5.0000000e+01   3.4850277e+01   2.9253737e+01
   1.7527518e+01   1.9106093e+01   2.2128199e+01   3.8092441e+01   5.0000000e+01   4.8477552e+01   5.0000000e+01   5.0000000e+01   4.8833555e+01   3.4288749e+01   2.9732683e+01
   1.5093318e+01   2.0798090e+01   2.7813423e+01   3.2417030e+01   4.9814045e+01   5.0000000e+01   4.9864302e+01   4.9674167e+01   5.0000000e+01   3.4374360e+01   3.0578567e+01
   1.7335768e+01   2.0543096e+01   2.7822733e+01   3.7680464e+01   4.9579067e+01   5.0000000e+01   4.9555289e+01   4.9776987e+01   5.0000000e+01   3.1712295e+01   2.7995722e+01
   1.8457303e+01   1.8069595e+01   2.9620302e+01   3.7875226e+01   5.0000000e+01   4.9765911e+01   5.0000000e+01   4.7265699e+01   4.9460807e+01   3.1978125e+01   2.9017170e+01
   1.7870822e+01   2.2131885e+01   3.0035886e+01   4.3484433e+01   5.0000000e+01   5.0000000e+01   5.0000000e+01   4.9691452e+01   5.0000000e+01   3.2073048e+01   2.7578190e+01
   1.3214284e+01   2.2828691e+01   2.6710642e+01   4.2147720e+01   4.9570349e+01   5.0000000e+01   5.0000000e+01   5.0000000e+01   5.0000000e+01   3.1247194e+01   2.6199351e+01
   1.9835977e+01   2.2393740e+01   3.3362016e+01   4.9571410e+01   4.8653606e+01   4.9750829e+01   5.0000000e+01   5.0000000e+01   5.0000000e+01   3.2977633e+01   2.5629620e+01
   1.8516898e+01   2.4970801e+01   3.4721955e+01   4.9549179e+01   4.9086450e+01   5.0000000e+01   4.7684595e+01   4.9352353e+01   4.7927249e+01   2.8336367e+01   2.5759189e+01
   2.0508506e+01   2.0744878e+01   3.5087864e+01   4.8686990e+01   5.0000000e+01   5.0000000e+01   4.9332416e+01   4.8712593e+01   4.8734246e+01   2.7983649e+01   2.4752597e+01
   2.1341157e+01   2.8821576e+01   3.3266422e+01   4.8826079e+01   4.7613199e+01   5.0000000e+01   4.8933415e+01   4.9588984e+01   4.9297719e+01   2.7919418e+01   2.2609641e+01
   2.2342214e+01   2.7717340e+01   4.1521497e+01   4.8605898e+01   4.7569695e+01   4.8964534e+01   4.9360844e+01   5.0000000e+01   4.9672306e+01   2.7525900e+01   2.3559068e+01
   2.1067796e+01   3.0490050e+01   4.6753751e+01   4.7266937e+01   4.7109290e+01   4.5883420e+01   4.9238032e+01   4.9070953e+01   4.8688449e+01   2.6218673e+01   2.2950015e+01
   2.5582484e+01   3.2072207e+01   4.7450637e+01   4.3051977e+01   4.4464804e+01   4.5877898e+01   4.9577894e+01   5.0000000e+01   5.0000000e+01   2.4111552e+01   2.2083515e+01
   2.5928293e+01   3.3592243e+01   4.3649575e+01   4.3531187e+01   4.0998157e+01   4.3601560e+01   4.9508672e+01   4.8842378e+01   4.9477288e+01   2.1277795e+01   2.2233331e+01
   2.5396152e+01   4.0651996e+01   4.3442946e+01   4.0139323e+01   4.0071227e+01   4.2381181e+01   5.0000000e+01   5.0000000e+01   4.9834628e+01   4.9524175e+01   2.0281547e+01
   3.2510074e+01   3.9555306e+01   3.9282391e+01   3.9732655e+01   3.8336716e+01   4.1124962e+01   5.0000000e+01   5.0000000e+01   4.9451454e+01   5.0000000e+01   1.9719868e+01
   3.6073262e+01   3.6792037e+01   3.7231297e+01   3.6712174e+01   3.4800462e+01   3.7437521e+01   4.8464967e+01   5.0000000e+01   4.9911741e+01   4.9879033e+01   1.9678995e+01
   3.6681526e+01   3.5388470e+01   3.4560283e+01   3.3266195e+01   3.4826256e+01   3.8023403e+01   5.0000000e+01   4.9952461e+01   5.0000000e+01   4.8630805e+01   1.8314582e+01
   3.6028472e+01   3.6001005e+01   3.2001034e+01   3.3435363e+01   3.2547775e+01   5.0000000e+01   5.0000000e+01   5.0000000e+01   4.8169529e+01   5.0000000e+01   4.9423508e+01
   3.3577376e+01   3.2784647e+01   3.1754323e+01   3.2039992e+01   3.3144391e+01   4.9651754e+01   5.0000000e+01   5.0000000e+01   5.0000000e+01   5.0000000e+01   5.0000000e+01
   3.0873570e+01   2.8636039e+01   2.7588107e+01   2.9973660e+01   2.8328719e+01   4.9996446e+01   5.0000000e+01   4.9996468e+01   4.8605384e+01   4.9809634e+01   5.0000000e+01
   2.9582889e+01   2.7835817e+01   2.8763966e+01   2.5150365e+01   2.6979165e+01   5.0000000e+01   5.0000000e+01   4.9162882e+01   4.7717750e+01   5.0000000e+01   5.0000000e+01
   2.7046261e+01   2.4095008e+01   2.3852846e+01   2.5020216e+01   2.7965102e+01   5.0000000e+01   4.8979746e+01   4.8468070e+01   4.4190886e+01   5.0000000e+01   4.8477304e+01
   2.3936197e+01   2.3268810e+01   2.3495011e+01   2.1643128e+01   4.7943168e+01   5.0000000e+01   5.0000000e+01   4.5135464e+01   4.3734515e+01   5.0000000e+01   5.0000000e+01
   1.9739471e+01   2.2005513e+01   1.8376739e+01   2.0144821e+01   4.6668283e+01   4.9610062e+01   5.0000000e+01   4.1636046e+01   4.2964154e+01   5.0000000e+01   4.8959697e+01
   1.8932932e+01   1.6767787e+01   1.8943134e+01   1.9474696e+01   4.2854125e+01   4.6970384e+01   4.5626492e+01   3.8669986e+01   3.8997074e+01   4.9639678e+01   5.0000000e+01
   1.5664606e+01   1.8711687e+01   1.6638059e+01   4.0824468e+01   4.2015918e+01   4.7367456e+01   4.1654314e+01   3.5776124e+01   3.8092997e+01   5.0000000e+01   4.9338584e+01
   1.5484860e+01   1.4045551e+01   1.7473432e+01   3.6459355e+01   4.0546148e+01   4.4962412e+01   4.2589881e+01   3.3638979e+01   3.3143988e+01   4.3015863e+01   4.9780441e+01
