   0.0000000e+00
   1.4784724e+00
   1.5799626e+00
   1.4815586e+00
   1.2525848e+00
   1.3955872e+00
   1.3104096e+00
   1.2209290e+00
   1.0100592e+00
   9.0723254e-01
   1.0763631e+00
   1.1228661e+00
   8.3449490e-01
   7.3340884e-01
   1.0630012e+00
   9.1630621e-01
   1.0259335e+00
   1.0065146e+00
   8.0475851e-01
   8.7820452e-01
   8.4312872e-01
   9.3888748e-01
   1.0325399e+00
   9.3209277e-01
   7.3382263e-01
   1.0456977e+00
   9.3281747e-01
   8.9175213e-01
   7.4034885e-01
   9.7673725e-01
   9.7053856e-01
   9.8790567e-01
   8.6275462e-01
   9.1072648e-01
   9.1085282e-01
   1.2124825e+00
   9.7378834e-01
   1.0783511e+00
   1.0445780e+00
   1.3105796e+00
   1.2623130e+00
   1.3436485e+00
   1.5394080e+00
   1.5815171e+00
   1.6779487e+00
   1.2815793e+00
   1.7382835e+00
   1.9419920e+00
   1.9030616e+00
   2.0759068e+00
   2.3844759e+00
   2.2808790e+00
   1.8514543e+00
   1.9635640e+00
   2.1678605e+00
   2.1013849e+00
   2.2766918e+00
   2.6298008e+00
   2.2610944e+00
   2.3629699e+00
   2.4198547e+00
   2.6882408e+00
   2.8203733e+00
   2.5472817e+00
   2.5267379e+00
   2.8709067e+00
   2.8251812e+00
   2.7646820e+00
   3.4889408e+00
   2.6249463e+00
   2.6850127e+00
   2.5481693e+00
   2.6932988e+00
   2.3678065e+00
   2.7044167e+00
   2.8527103e+00
   2.3849154e+00
   2.3021946e+00
   2.1454626e+00
   2.1280538e+00
   1.8266323e+00
   2.1679103e+00
   1.9751061e+00
   2.4293125e+00
   2.1878377e+00
   2.1638987e+00
   2.4506152e+00
   1.7651797e+00
   2.2103018e+00
   1.9039501e+00
   1.9776030e+00
   2.1461363e+00
   2.2479742e+00
   1.8588700e+00
   2.0953670e+00
   2.2165177e+00
   1.7145734e+00
   1.6275544e+00
   1.7280497e+00
   1.7478156e+00
   1.5511274e+00
   1.3330414e+00
   1.3729474e+00
   1.2979484e+00
   1.1422557e+00
   1.0031111e+00
   1.1223377e+00
   1.0355247e+00
   9.6856974e-01
   9.2715462e-01
   9.3782100e-01
   9.1060602e-01
   9.1215272e-01
   1.1814010e+00
   1.0612651e+00
   9.3712994e-01
   1.1260594e+00
   1.3701554e+00
   1.2270254e+00
   1.5982531e+00
   1.3082212e+00
   1.3699710e+00
   1.3851152e+00
   1.7951183e+00
   1.5740989e+00
   1.8059861e+00
   1.4996556e+00
   1.7504020e+00
   2.0433115e+00
   1.7230973e+00
   2.0443942e+00
   2.2057987e+00
   2.5286583e+00
   2.3424952e+00
   2.4681084e+00
   2.2250075e+00
   2.2211135e+00
   2.4208203e+00
   2.2363324e+00
   2.7839093e+00
   2.7470719e+00
   0.0000000e+00
   2.7771790e+00
   2.4563237e+00
   1.7827440e+00
   1.9526025e+00
   1.9197798e+00
   1.5411676e+00
   1.6344027e+00
   1.4709341e+00
   1.3920182e+00
   1.2279390e+00
   1.5097467e+00
   1.3653100e+00
   1.2789953e+00
   1.2987230e+00
   1.4477772e+00
   1.2366868e+00
   1.1781757e+00
   1.3164642e+00
   1.3788526e+00
   1.2124045e+00
   1.0930922e+00
   1.0301415e+00
   1.0887037e+00
   1.3923299e+00
   1.2977519e+00
   1.0145275e+00
   1.0904368e+00
   1.1012204e+00
   9.5185452e-01
   9.9748063e-01
   8.4270799e-01
   7.5301151e-01
   7.1050515e-01
   7.7153458e-01
   6.4586613e-01
   6.1181798e-01
   6.1609327e-01
   5.6746093e-01
   6.3557079e-01
   7.9601883e-01
   9.3134919e-01
   9.4766887e-01
   1.0710484e+00
   1.0450762e+00
   1.1479163e+00
   1.2136846e+00
   1.3781548e+00
   1.3057348e+00
   1.5078599e+00
   1.2133636e+00
   1.3749988e+00
   1.2186374e+00
   1.2596445e+00
   1.2104103e+00
   8.8188350e-01
   1.0172365e+00
   8.8142070e-01
   1.0204419e+00
   8.4446506e-01
   6.8551216e-01
   6.3300692e-01
   6.8628104e-01
   7.8785891e-01
   9.4382551e-01
   9.4048614e-01
   1.1265722e+00
   1.0892304e+00
   1.3344221e+00
   1.2028187e+00
   1.1645270e+00
   1.5029535e+00
   1.5053445e+00
   1.3214351e+00
   1.3189744e+00
   1.5949173e+00
   1.3528513e+00
   1.4134839e+00
   1.5378552e+00
   1.3795190e+00
   1.2499913e+00
   1.3650021e+00
   1.6014005e+00
   1.3693333e+00
   1.6860575e+00
   1.5290732e+00
   1.4375873e+00
   1.4808833e+00
   1.8058461e+00
   1.7344192e+00
   1.7412948e+00
   1.4524142e+00
   1.9117666e+00
   1.6808675e+00
   1.7619796e+00
   1.8979746e+00
   1.4570675e+00
   1.6887893e+00
   1.3748853e+00
   1.2514004e+00
   1.7073540e+00
   1.4903110e+00
   1.5212619e+00
   1.3043355e+00
   1.5026411e+00
   1.3440975e+00
   1.5424229e+00
   1.3570621e+00
   1.5558873e+00
   1.9245393e+00
   1.6501887e+00
   1.4591338e+00
   1.4987177e+00
   1.3018915e+00
   1.5475457e+00
   1.6844134e+00
   1.6877527e+00
   1.4047259e+00
   1.5410362e+00
   1.5184255e+00
   1.4708126e+00
   1.3539219e+00
   1.3518892e+00
   1.4657725e+00
   1.4179061e+00
   1.4373307e+00
   1.6114542e+00
   1.6769094e+00
   1.5974768e+00
   1.7049910e+00
   1.9194087e+00
   1.6613015e+00
   1.8948757e+00
   1.9892523e+00
   1.9176449e+00
   1.9927909e+00
   2.1152396e+00
   2.0348870e+00
   2.6226133e+00
   2.3747146e+00
   2.2752492e+00
   2.4725389e+00
   3.0291353e+00
   2.2413485e+00
   2.9549999e+00
   3.1295011e+00
   3.1746761e+00
   2.6053735e+00
   3.6321512e+00
   3.0394718e+00
   3.2768414e+00
   3.0285674e+00
   3.2509460e+00
   2.8469641e+00
   3.2051515e+00
   3.0790201e+00
   3.2718317e+00
   3.4884897e+00
   3.3983261e+00
   3.6979269e+00
   3.4056900e+00
   2.4410728e+00
   3.1707258e+00
   3.6743318e+00
   3.6090724e+00
   3.8576563e+00
   2.9283995e+00
   3.5140056e+00
   3.0780506e+00
   3.1543869e+00
   2.9487693e+00
   2.8827101e+00
   2.7223477e+00
   2.4425650e+00
   1.8624083e+00
   2.0401153e+00
   1.8705099e+00
   1.9970392e+00
   1.4971199e+00
   1.9496442e+00
   1.9687032e+00
   1.4669749e+00
   1.6554455e+00
   1.5630448e+00
   1.5580697e+00
   1.7696145e+00
   1.6147099e+00
   1.5773304e+00
   1.5120129e+00
   1.7455397e+00
   1.8073666e+00
   1.8018799e+00
   1.8709083e+00
   1.9611444e+00
   2.0323351e+00
   1.7440134e+00
   1.8743125e+00
   1.9419333e+00
   1.8603763e+00
   1.9017053e+00
   1.6355144e+00
   1.9151379e+00
   1.7021920e+00
   1.7495381e+00
   2.1266499e+00
   1.7684781e+00
   1.8449308e+00
   1.3554527e+00
   1.9747031e+00
   2.1214882e+00
   1.6306407e+00
   1.8180548e+00
   1.7361836e+00
   1.5110853e+00
   1.6455948e+00
   1.9081849e+00
   1.9311847e+00
   2.0691917e+00
   1.8748104e+00
   1.8796451e+00
   2.2469608e+00
   1.8008868e+00
   1.7845639e+00
   2.0402762e+00
   2.0528061e+00
   1.9410825e+00
   1.9559705e+00
   1.8249499e+00
   2.2060751e+00
   2.0145320e+00
   2.1318942e+00
   2.2162337e+00
   2.1459592e+00
   1.5978227e+00
   2.2472807e+00
   1.9323427e+00
   2.0773525e+00
   2.1084173e+00
   1.7323182e+00
   2.4286197e+00
   2.1937255e+00
   2.2982472e+00
   2.1358030e+00
   2.2947723e+00
   2.1855282e+00
   2.1418527e+00
   2.4419143e+00
   2.1949503e+00
   1.9671449e+00
   2.3295849e+00
   2.0272374e+00
   2.0516264e+00
   2.0522786e+00
   2.3946724e+00
   2.1635316e+00
   1.8749757e+00
   2.0136823e+00
   2.1721222e+00
   1.9799230e+00
   1.8819169e+00
   1.5219182e+00
   1.6667034e+00
   1.8461887e+00
   1.4781055e+00
   1.6762659e+00
   1.6285951e+00
   1.5586429e+00
   1.4770312e+00
   1.7224559e+00
   1.2856049e+00
   1.6175163e+00
   1.4268606e+00
   1.3967445e+00
   1.4927172e+00
   1.4442617e+00
   1.7767299e+00
   1.1501996e+00
   1.4321138e+00
   1.4706314e+00
   1.4233561e+00
   1.3764092e+00
   1.4598089e+00
   1.0141918e+00
   1.5523094e+00
   1.5280966e+00
   1.6480445e+00
   1.4876538e+00
   1.5788992e+00
   1.5828306e+00
   1.3804154e+00
   1.9041599e+00
   1.3142498e+00
   1.6710702e+00
   1.5451912e+00
   1.7964933e+00
   1.6831840e+00
   1.3036085e+00
   1.8846149e+00
   1.5209824e+00
   1.3959480e+00
   1.4917643e+00
   1.6989039e+00
   1.5339378e+00
   1.1403934e+00
   1.8017239e+00
   1.5168202e+00
   1.7229174e+00
   1.7372683e+00
   1.6412161e+00
   1.5869615e+00
   1.8013226e+00
   1.3544240e+00
   1.4831391e+00
   1.3892949e+00
   1.5262318e+00
   1.3704230e+00
   1.8310726e+00
   1.6528007e+00
   1.7203262e+00
   1.7387575e+00
   1.9248108e+00
   1.5446265e+00
   1.4282333e+00
   1.4765964e+00
   1.7555257e+00
   1.6931977e+00
   1.7093712e+00
   1.6965312e+00
   1.6048277e+00
   1.3633898e+00
   1.6697972e+00
   1.8865058e+00
   1.4210192e+00
   1.7573477e+00
   1.7951840e+00
   1.4264349e+00
   1.5305253e+00
   1.5490695e+00
   1.6449377e+00
   1.6111648e+00
   1.4380576e+00
   1.4049015e+00
   1.2811263e+00
   1.3518775e+00
   1.0718501e+00
   1.3482127e+00
   1.5539326e+00
   1.3890223e+00
   1.0528173e+00
   1.3892982e+00
   1.0212439e+00
   1.3792911e+00
   1.2331723e+00
   1.0482203e+00
   1.1046295e+00
   1.2783633e+00
   1.3909006e+00
   1.1884010e+00
   1.1626524e+00
   1.2468103e+00
   1.4655989e+00
   1.5212456e+00
   1.4387365e+00
   1.6692214e+00
   1.4690555e+00
   1.6097572e+00
   1.3960921e+00
   1.6122411e+00
   1.6306766e+00
   1.5437512e+00
   1.5821114e+00
   1.7738544e+00
   1.8384781e+00
   1.5073488e+00
   1.6347785e+00
   1.9888726e+00
   1.8752273e+00
   2.1503094e+00
   1.7434066e+00
   1.7940522e+00
   1.8078369e+00
   1.8352018e+00
   2.1015812e+00
   2.1015503e+00
   2.7118523e+00
   2.2073351e+00
   1.5503911e+00
   1.8574602e+00
   2.0674580e+00
   1.8933101e+00
   1.9957997e+00
   2.0715650e+00
   2.0247186e+00
   1.7600017e+00
   2.1866260e+00
   1.9974602e+00
   2.3189441e+00
   1.7146186e+00
   2.3629697e+00
   2.3307143e+00
   2.5049774e+00
